3.0451 -2.1246 1.6881
3.3956 -1.9086 1.6395
3.2669 -1.8559 1.7301
1.8084 2.8698 2.6503
2.1264 2.8945 2.5804
2.0958 2.9872 2.0683
3.1621 2.2302 2.6317
2.9784 2.3615 2.8761
3.2211 1.9987 2.8907
-0.7585 -0.6062 2.3196
-0.6706 -0.8186 2.5371
-1.0033 -0.7757 2.5638
5.6071 3.4058 7.9623
5.6385 3.4887 7.6707
5.3548 3.4861 7.8855
-3.8944 2.2099 3.6856
-3.6146 2.07 4.221
-3.6469 2.2593 3.9744
-3.7994 1.9702 4.0377
-2.2657 -0.8177 5.1625
-1.9211 -0.9841 4.8174
-1.9577 -0.8299 5.1473
1.9448 -1.9882 6.6984
1.8561 -1.8757 7.0317
1.6346 -1.7902 6.7872
6.3025 -0.0935 5.7355
5.9654 -0.4069 5.4704
6.2058 -0.0005 5.424
-4.4708 -0.3693 2.6329
-4.7243 -0.5683 1.8649
-4.8512 -0.8226 1.6903
-3.1759 -1.3435 3.6513
-3.3047 -1.57 3.1617
-2.922 -1.4327 3.6209
3.0886 1.0729 0.4025
3.3387 1.1466 0.2621
3.4143 1.0611 0.4033
5.2362 -0.3536 4.1455
5.2169 -0.0205 4.0388
5.4477 -0.4085 4.3063
4.3513 1.6416 1.1646
4.3008 1.4394 1.0273
4.5275 1.5568 0.8802
-3.4538 0.2191 1.9951
-3.4091 0.346 2.2216
-3.2645 0.1396 1.8998
3.0108 0.4952 1.9789
2.634 0.4446 1.7148
2.922 0.7674 1.8964
-3.244 0.7938 2.4045
-3.5228 1.0065 2.5662
-3.1244 0.9227 2.269
4.3043 -0.472 0.7658
3.9174 -0.3237 0.7992
4.1077 -0.4896 0.9721
-1.4112 2.6722 2.9033
-1.4613 2.7051 3.117
-1.1669 2.5836 3.0989
6.7839 0.1816 6.9573
6.718 0.0053 6.637
6.8185 0.5779 6.6062
1.7933 2.2863 5.1185
1.6692 2.5597 5.5014
2.0912 2.7502 5.2185
-4.1599 1.6438 2.8883
-4.3295 1.8677 2.2705
-4.1949 1.6873 2.3692
3.2953 -1.7163 4.6184
3.4156 -1.3218 4.3401
3.6164 -1.7576 4.544
6.8566 0.6955 6.9374
4.4401 -1.0649 4.2707
4.5989 -1.3285 4.5219
4.1009 -1.7141 4.5452
3.2889 -1.8655 7.0821
2.955 -2.0764 6.8262
3.3858 -1.9302 6.9257
6.3083 0.2797 5.4133
6.0243 0.0805 4.8123
6.2775 0.4593 5.2722
2.7131 1.0452 1.4781
2.728 0.9701 1.6189
2.3201 1.01 1.3553
0.6953 0.5638 6.1277
0.5949 0.4294 6.419
0.6411 1.0519 6.2889
3.2369 -0.7843 1.7581
3.349 -0.8521 1.5957
3.1786 -0.5785 1.5043
4.4977 -0.6064 0.4025
4.075 -0.3228 0.2937
4.224 -0.3552 0.4771
4.4736 -0.7654 0.2018
4.8946 -2.0505 5.1027
5.1501 -1.7964 5.1801
5.0113 -2.0792 5.3323
5.3215 -1.274 5.1933
5.2375 -1.4464 5.0642
6.0455 -0.4659 5.7652
6.3229 -0.4168 6.1143
6.1601 -0.7219 6.2487
3.8401 -1.7499 8.4551
4.3798 -1.7578 8.2776
4.5147 -1.6304 8.5705
4.1399 1.4856 1.1762
5.5752 -0.941 5.8693
5.7331 -0.7043 5.5727
5.8104 -0.7281 5.7642
4.8017 -1.8545 6.7032
5.2103 -1.7659 6.9017
5.0539 -1.8538 7.1731
5.0437 -1.7218 6.5112
3.8548 -2.5536 5.6615
4.3737 -2.5102 5.7085
3.9786 -2.6232 5.8935
-4.2563 2.4978 0.2788
-4.247 2.2942 0.3239
-4.4256 2.3256 0.5588
4.7426 2.0311 0.8747
4.7118 1.7711 0.6626
4.81 2.1012 0.6275
3.8938 -1.9757 6.7295
3.9068 -1.8563 6.8876
1.9322 -1.9655 2.7305
2.2262 -2.0651 2.5067
2.1498 -1.859 2.9579
-2.5408 2.758 1.6836
-2.3998 2.7968 1.9631
-2.2593 2.5861 1.8808
-1.9785 2.955 1.0923
-2.2558 3.2005 1.1742
-2.5019 3 1.3555
6.0032 -0.2579 5.1098
5.8119 -0.4484 4.788
5.9749 -0.164 4.8595
1.1511 -1.774 1.5658
1.47 -1.8127 1.0041
1.6151 -2.0247 1.0648
3.2941 -1.4248 1.881
3.2478 -1.1721 2.1603
3.1571 -1.4284 2.3776
3.1454 -1.6218 2.155
3.2623 -1.5674 0.0148
2.8114 -1.9323 0.0155
2.286 -1.4896 0.0294
-0.8837 2.4555 2.8238
-0.4557 2.4468 2.8998
-0.3267 2.3768 2.6936
5.9709 -0.8575 6.1886
6.121 -0.9236 6.5801
5.923 -1.0521 6.501
3.9718 1.1058 0.4526
3.6745 1.043 0.5048
3.7204 1.1299 0.3056
-2.8715 0.8133 2.1637
-2.4321 0.9191 1.9959
-2.7096 0.6988 2.1209
-1.157 2.5227 2.8044
6.0444 0.4365 4.8106
3.4011 2.3109 0.0199
2.9189 2.9857 0.0099
3.655 3.0563 0.0041
6.9815 3.2511 8.3488
7.122 3.3076 8.2279
6.4584 3.3383 8.0641
2.3389 -2.3675 1.5952
2.791 -2.4591 1.3472
2.5657 -2.3321 1.6496
2.2907 -2.3945 1.4704
5.8843 0.305 4.5713
5.8625 0.7451 4.6061
4.2824 -2.4137 0.3096
4.4114 -2.387 0.5338
4.1262 -2.5545 0.4345
6.6322 0.3431 6.0445
6.6108 0.5797 5.8971
6.3949 0.1932 5.6507
5.785 -0.5872 5.0147
-3.0177 1.0702 2.0943
2.5872 -0.2568 0.687
3.0404 -0.2317 0.549
2.7901 -0.2895 0.3245
2.8568 -0.2416 0.8377
-1.8471 2.2754 0.1899
-1.6203 2.7128 0.2446
-1.7345 2.2746 0.3747
-1.8252 2.6197 0.0779
1.4285 -1.4264 7.3549
1.1054 -1.0624 7.3794
1.2461 -1.3492 7.122
0.9276 0.5693 8.5323
0.8389 0.8305 8.409
0.7862 0.4434 8.2647
-3.3699 -0.1795 0.352
-2.8957 -0.2507 0.292
-3.3516 -0.302 0.2491
-3.0139 -0.158 0.4357
0.601 2.3777 3.775
-0.1162 2.4655 3.5091
-0.1959 2.3735 3.8708
-3.6261 1.2347 4.9199
-3.5665 1.1575 5.2393
-3.4696 1.4539 5.089
3.3083 -0.9768 3.5735
3.2734 -0.988 3.1528
3.4707 -0.7844 3.5588
-4.2187 1.1442 6.9087
-4.3671 1.0441 7.2599
-4.2801 1.1517 7.418
-4.1129 1.2414 7.0538
6.5012 1.0368 5.6575
6.3556 1.1787 5.4547
6.4727 1.4018 5.7371
2.5444 1.4608 0.0853
2.3573 1.6493 0.0538
2.5194 1.7082 0.0253
3.5976 2.9558 4.6764
3.4769 2.5928 4.3769
3.2354 2.6581 4.4821
6.3109 2.4594 8.9235
5.9066 2.5681 8.8785
6.0586 2.2735 8.9909
4.2764 1.7694 9.8381
4.6483 1.9354 9.6688
4.1673 2.368 9.5751
5.3734 2.3754 9.1013
5.7031 2.3691 9.0003
5.4033 2.677 8.9116
-3.3522 -0.7033 4.442
-2.9999 -0.7481 4.8358
-3.2454 -0.5729 4.8126
-3.6166 1.2633 2.1703
-3.5403 1.4327 1.3346
-3.3325 1.2406 1.9605
3.9705 -2.5591 0.2621
4.1247 -2.3828 0.1482
-2.1977 -1.1355 2.1828
-2.1073 -0.6734 2.1169
-1.8238 -0.8093 2.2967
6.6774 -0.1893 6.9423
3.0555 -1.7017 2.2915
4.6108 -1.8807 6.8487
4.5804 -1.9633 6.5653
4.5647 -0.6732 0.7231
1.5072 -0.4924 8.7304
1.4172 -0.7621 8.2716
1.6909 -0.7161 8.6975
5.4348 2.555 5.117
5.7629 2.8796 5.831
5.7867 2.6538 5.6134
3.1273 -1.2212 3.1113
-3.2866 3.1577 2.5772
-2.818 3.0374 2.9103
-2.9327 3.123 2.6023
2.7527 -1.7843 7.5997
3.1797 -1.778 7.4658
2.9216 -1.729 7.7401
2.0419 -0.3816 10.8922
2.0309 -0.1278 11.0556
1.9783 -0.1963 10.8869
-1.3358 1.1369 5.649
-0.8888 0.8471 5.7008
-0.4331 1.1385 5.473
4.202 -2.4139 5.497
4.0288 -2.2388 5.2137
4.5087 -2.3255 5.3872
4.3446 3.7139 6.0699
4.8423 3.6631 6.4437
4.5508 3.5964 5.9179
4.509 3.7969 6.5814
5.4499 -0.9591 5.5699
5.4661 -0.9933 5.1868
5.631 -0.7834 5.1149
6.1537 -0.6426 8.4901
6.3098 -0.5828 8.229
6.3029 -0.246 8.5353
4.3658 -2.1127 6.5233
4.3897 -1.9615 6.6837
3.7081 -1.7957 8.1537
4.1606 -1.8053 8.0795
6.8807 2.2094 7.8258
6.7454 2.2124 7.6399
7.082 2.5973 7.449
-1.731 -1.5008 3.1097
-1.3137 -1.2602 3.1087
-1.4113 -1.3761 3.5201
-3.0654 -1.8206 1.6499
-2.7399 -1.7192 1.4043
-2.8119 -1.5803 1.5982
0.5011 -0.6494 1.766
0.5048 -0.9391 1.895
0.2573 -0.502 1.8128
7.5301 2.215 8.4361
7.475 2.1869 8.6602
7.2655 1.9837 8.61
7.5871 2.3495 8.2545
7.7538 2.4779 8.5062
7.3379 2.7798 8.7583
6.9992 2.5821 8.8571
7.1541 2.4472 8.8659
-3.8596 -2.1535 0.1862
-4.0823 -2.1631 0.3249
-4.1892 -1.9144 0.2123
-3.7627 -1.9554 0.1103
0.703 2.394 2.0005
0.7006 2.4713 2.2416
0.9597 2.5797 1.8064
-3.08 3.1771 2.2847
-3.2029 3.2398 1.9572
-3.3432 3.2237 2.3023
0.5486 2.0798 4.3604
0.0273 2.1954 4.2178
0.3324 1.9395 4.5639
0.5763 1.3184 6.9707
0.6504 1.5718 6.7249
0.5868 1.2392 6.5744
5.2746 -1.223 4.8873
5.5497 -0.8503 4.8154
5.3641 -1.1689 5.051
3.0395 -1.8896 4.9457
3.2336 -1.8383 4.7464
3.4679 -2.0647 4.927
7.1863 2.0111 8.254
6.8715 1.7505 8.1641
0.9296 -1.7543 2.2418
0.5813 -1.3751 2.2894
0.8591 -1.6021 1.9591
2.4087 2.4252 4.6779
2.3456 2.2859 4.5808
2.1584 2.3654 4.8338
2.6246 2.2717 4.4004
3.9891 -0.2532 0.5321
3.7427 1.1793 3.4979
3.5974 1.4296 3.4306
3.6305 1.4978 3.637
2.6426 -0.2497 11.7301
2.3959 -0.4305 11.6196
2.603 -0.4435 11.6998
6.4126 -0.4996 6.4
6.4957 -0.1368 6.1052
-3.9005 0.5551 8.3886
-3.9477 0.2713 8.2572
-3.8127 0.4317 8.3249
-4.1248 0.4585 8.3397
5.3935 3.5633 7.1015
5.7631 3.5058 7.2792
5.3804 3.5383 6.8065
5.6117 3.4846 6.901
4.4222 -2.3739 6.2697
4.557 -2.4535 6.0517
4.6595 -2.3252 6.1523
3.0354 3.9095 7.1027
3.0323 3.8225 7.712
3.3451 3.9199 7.5018
-1.3285 2.1379 2.2375
-1.0226 1.9823 2.1755
-1.2811 1.8292 2.0859
2.1986 1.9487 0.0409
2.899 2.2745 3.2364
2.8107 2.1997 3.6632
3.1258 2.0234 3.3982
3.364 3.1418 4.9272
3.5288 3.3139 5.1106
2.5997 -0.4154 0.1642
2.501 -0.3713 0.2901
2.6464 -1.6807 7.8619
-3.3767 -1.7222 2.7657
-3.5922 -1.8199 2.3936
-3.3426 -1.7877 2.5649
-3.6885 -1.7127 2.6461
-0.4286 2.4902 3.3613
0.4522 2.4751 3.259
0.0453 2.4852 3.1961
4.7901 3.1229 5.202
4.4534 2.9392 4.7839
4.4064 3.1951 5.0881
-2.7389 1.7443 5.3276
-2.7659 2.1972 4.6289
-3.0658 2.2048 4.5437
3.1601 -2.0411 5.1081
2.5828 -1.8777 5.4801
1.1511 2.7388 1.9263
1.1646 2.7531 2.2105
1.3611 2.8355 2.0213
6.7364 0.358 6.3364
4.4058 -1.877 6.871
4.655 -1.8645 7.4108
4.1422 -1.8013 7.1294
3.7648 -2.4068 0.0664
4.2377 -2.0758 0.0553
4.0299 -2.1228 0.0301
5.0232 -1.8409 5.0179
1.0338 1.3368 5.4187
0.9779 1.3806 5.6859
1.0936 1.4552 5.4524
0.8961 0.9251 5.6973
1.7643 3.2047 7.6247
1.8135 3.1753 7.8785
2.2334 3.4916 7.7594
-1.4446 2.1887 4.3617
-1.1222 2.1867 4.317
-1.3581 2.4334 3.8358
5.5845 1.9097 9.2121
6.0136 1.8801 9.0553
5.7653 2.0745 9.0866
0.7293 1.6593 6.4242
0.8755 0.7583 1.4271
0.8792 1.1394 1.416
1.1679 0.9884 1.3853
0.7973 1.5629 6.1325
0.9998 2.0716 6.1445
0.9939 1.8275 5.9227
-2.7076 -0.6542 1.5554
-2.7921 -0.522 1.3737
-2.8761 -0.314 1.595
-3.4592 2.4973 0.134
-3.9931 2.7012 0.1712
-3.7079 3.2239 0.1053
1.595 2.1175 5.187
1.4889 1.9558 5.127
1.4042 2.0286 5.3816
4.3204 3.7231 8.0859
4.4852 3.5446 8.3788
4.8192 3.5885 8.0605
4.8725 2.2365 4.3778
5.0971 2.6352 4.8731
5.2167 2.3481 4.7306
-3.9718 0.4385 3.4381
-4.0193 0.2955 3.1755
-4.084 0.1243 3.3695
1.4579 2.3969 5.6231
1.3722 2.5797 5.9688
1.5699 3.0591 6.5619
1.9374 3.356 6.5506
1.8114 3.1715 6.2593
3.5525 1.7369 1.5777
3.5243 1.9669 1.6927
3.3522 1.5333 1.6539
-2.8636 -0.1806 0.6811
-2.6955 -0.2283 0.4969
6.5105 2.3952 6.4268
6.5518 2.0975 6.5848
6.4833 2.1821 6.322
2.4713 0.4562 11.0133
2.6293 0.5756 10.9073
2.738 0.9184 10.4821
3.5655 1.7107 3.7966
3.5038 2.026 4.0235
3.7421 1.8458 3.9254
4.5956 1.7815 0.9873
-2.8255 1.5599 5.6663
-3.1049 1.5644 5.4487
-3.0263 1.4739 5.9072
-3.2058 1.4522 5.8187
2.8075 -2.6327 0.404
2.9158 -2.5626 0.2215
3.0473 -2.7074 0.422
1.1714 2.2015 5.9066
1.2708 1.8123 5.4238
-2.2775 2.4278 1.7599
-1.773 2.4483 2.1629
-3.5744 3.4365 1.6802
-3.5773 3.5896 1.3221
-3.7547 3.535 1.4319
1.6058 2.8776 6.0155
1.9167 3.0829 5.8891
2.1779 2.6533 5.0463
2.4464 2.7781 4.9392
5.359 3.4082 6.2938
4.9642 3.4043 5.8467
2.9763 -2.3935 1.4168
3.2412 -2.5654 1.1464
3.5804 -2.5221 1.1531
-1.836 -1.3147 0.5057
-1.8896 -1.733 0.4659
-1.8927 -1.3008 0.3045
2.6904 -1.3762 3.6684
2.5088 -1.3172 4.092
2.355 -1.4043 3.8734
4.4665 -1.715 4.7079
4.822 -1.4521 4.69
4.8109 -1.9361 4.9345
1.6192 -1.0693 5.1267
1.7497 -1.2159 5.3673
1.4329 -0.9409 5.396
4.0393 3.8872 7.6467
4.673 3.7672 7.6169
4.2751 3.8852 7.3809
4.3799 3.7708 7.9144
6.6023 0.1215 6.1118
-4.0147 1.1755 7.8301
-4.3107 1.0688 7.8225
-4.1461 1.0887 7.9725
6.7987 0.3128 7.3326
5.9168 -1.3551 7.8855
5.9862 -1.3354 7.4587
6.1827 -1.0732 7.7166
0.138 -1.3086 3.5196
0.3888 -1.3437 3.5322
0.2352 -1.3135 3.7474
-1.8955 -0.1305 2.1055
-1.8821 -0.4964 2.1834
-2.1552 -0.2415 2.0814
3.4017 -1.7762 7.746
3.6241 -1.796 7.5456
6.9014 1.9868 8.8935
6.8411 2.1182 8.928
6.2389 1.6775 8.9999
6.8182 0.9769 6.5603
6.8503 0.9297 6.9653
-1.735 2.837 2.7548
-2.0577 2.9139 2.5055
-2.0035 2.9457 2.8781
-3.1504 -0.1645 1.1829
-3.1314 -0.1415 0.9813
-3.3986 -0.0519 1.225
4.0374 3.3827 0.6796
4.1687 3.3343 0.491
3.8646 3.4691 0.4254
1.9335 2.753 0.3275
1.6138 2.4448 0.5656
1.4056 2.6005 0.9668
3.3046 1.3128 2.3629
3.1724 1.0647 2.1543
3.1646 1.2912 2.0134
0.6696 1.3013 6.3046
3.2391 -0.4074 2.3913
3.2503 -0.6892 2.5017
3.19 -0.4565 2.2351
3.0976 2.1108 3.1275
6.7589 0.871 6.2799
2.9181 -1.6879 2.6782
2.9182 -1.9171 2.163
2.7145 -1.9234 2.512
6.7657 2.659 6.8569
7.0669 2.9989 7.1982
7.1453 2.8189 7.3073
3.4217 1.8852 3.8855
3.1322 2.012 3.8726
3.192 2.0864 4.0378
3.8913 0.5878 10.393
3.7003 0.7746 10.3864
3.7211 0.4042 10.6679
-2.946 1.3762 1.681
-3.0644 1.4516 1.4047
-2.6826 1.5417 1.5801
1.4257 0.6941 9.2414
1.0488 0.7334 8.7276
1.1514 0.3461 8.802
5.7455 3.4204 6.7782
6.0961 3.4215 7.0721
3.8521 2.4396 9.5862
3.5024 2.7514 9.3956
3.568 2.415 9.6152
-2.7032 -0.399 1.7533
3.2834 2.4247 9.5976
2.9026 2.1951 9.6533
3.1999 1.9874 9.803
2.648 0.157 11.4698
2.9152 0.1322 11.4489
2.9637 0.389 11.1379
-4.9227 -1.0024 1.2898
-4.8886 -1.0765 1.5662
-4.8611 -0.7415 1.3663
3.9031 3.3438 5.1539
3.6271 3.5566 5.4584
-2.8555 -0.2625 6.0607
-2.8942 -0.0563 6.386
-3.1726 -0.1151 6.4468
-3.156 -0.2099 6.2212
6.46 0.8003 8.5288
6.5888 0.5557 8.2436
6.6048 0.8875 8.1862
7.623 2.5082 8.097
7.4063 2.686 7.7001
7.7502 2.6831 8.0646
7.8555 2.7594 8.322
7.7792 2.9035 8.0115
7.7412 3.0737 8.0708
7.8088 2.9595 8.3409
2.3874 0.1666 11.3323
2.3024 0.4595 10.8864
-2.5572 3.7316 0.9343
-2.8135 3.4848 1.2316
-2.513 3.5493 1.0849
1.8411 0.3098 10.2133
1.7155 0.0261 10.0382
1.8477 0.1106 10.4154
4.1743 -0.4736 10.0812
3.8941 -0.5626 10.2262
4.0888 -0.5722 10.0088
-0.212 0.4538 5.68
-0.1258 0.1725 5.6579
0.5243 0.4272 5.5089
1.186 1.8338 4.8074
0.9416 1.5894 4.9945
1.135 1.6557 5.0213
5.7997 0.6664 9.3169
5.6082 0.8865 9.4566
5.3637 0.6114 9.6478
0.9012 1.3263 5.2145
6.9395 2.599 7.2114
-2.1933 -0.2644 5.8795
-1.7883 -0.5545 5.5249
-1.8508 -0.3421 5.7293
4.713 -0.8766 0.5384
4.8008 -1.1527 0.6242
4.7722 -1.128 0.402
3.2068 -0.2349 11.522
3.1334 -0.3857 11.58
3.4803 -0.2997 11.2878
2.1583 3.1061 0.8893
2.9577 3.4389 0.5703
2.9492 3.4494 0.4022
3.8548 -2.2101 1.3934
4.2429 -2.0917 1.3313
4.0467 -1.9116 1.4894
5.2856 -1.1676 5.7427
5.1019 -1.4574 4.8484
2.8879 -2.2166 5.9379
2.9307 -2.102 5.643
3.3968 -2.5145 5.8398
5.3272 -1.1319 5.9085
-0.7671 0.9771 1.761
-0.9078 0.6679 1.788
-1.5535 0.7661 1.9067
6.6751 -0.0651 7.5767
6.6247 -0.096 6.3617
-4.2057 2.623 2.7987
-4.3191 2.9549 2.2285
-4.4455 2.7431 2.2482
-2.2465 -1.4198 1.1878
-2.4825 -1.2442 1.391
-2.5591 -1.4842 1.3877
-2.3957 -2.1463 0.8901
-2.1601 -1.8914 0.9218
-2.4032 -1.9338 1.0945
1.9193 2.1612 4.4526
1.5394 2.1574 4.3758
1.6077 2.043 4.6835
6.5046 3.3324 7.1061
-3.6399 1.5848 0.6407
-3.325 1.5462 0.5303
-3.5763 1.5092 0.9832
3.4124 2.2825 1.8291
3.5918 2.3364 1.6305
3.4136 2.6401 1.6387
1.3492 2.0017 8.7114
1.0649 1.8208 8.4088
1.0584 1.4929 8.6082
1.3226 1.6625 8.8824
-3.8122 -1.9759 1.7323
-3.8424 -1.8545 2.1397
-4.5724 2.342 1.9825
-4.657 2.5946 1.5689
-4.6063 2.3339 1.5795
-4.395 -1.4689 0.2185
-4.1063 -1.5984 0.1547
-4.5049 -1.6364 0.304
-3.5146 0.5967 8.0092
-3.5586 0.4594 8.0488
-3.2967 0.4842 7.3933
-3.2558 0.7075 7.3612
2.146 1.9335 9.4767
1.6575 1.7745 9.1851
1.8663 1.1958 9.611
6.6302 1.9148 7.7293
6.7429 1.9315 7.898
6.7209 1.4816 8.1219
4.4411 -1.4795 8.8456
4.881 -1.4523 8.7702
0.9446 -0.1878 8.1944
1.357 -0.1845 8.8097
0.9638 0.0771 8.3988
-2.5928 -0.8365 1.7054
-4.3438 3.2067 1.7009
-4.4654 2.9909 1.8906
-4.196 3.1908 2.0078
2.1276 -0.3509 11.2907
2.1998 -0.5233 11.1774
-1.6638 0.6904 5.9264
-1.4499 0.4053 5.8835
-1.4411 0.736 5.8397
2.1534 3.334 8.089
2.5738 3.6296 7.9009
6.5539 1.4246 8.7932
6.3134 1.2503 8.8616
6.4939 1.2231 8.6889
2.9473 3.6071 8.3002
3.2584 3.6823 8.2944
3.0748 3.7353 8.0711
6.1859 1.0346 8.9362
6.342 0.9007 8.7357
2.1859 -0.5 10.818
2.0509 -0.4227 10.5657
2.1517 -0.471 10.3018
0.7675 0.0222 8.0085
0.6734 0.2922 7.9353
-3.7237 2.0858 0.1827
-3.1502 1.9232 0.1572
-3.301 1.7797 0.2187
5.5967 -1.5615 6.937
5.8151 -1.4162 7.046
5.7454 -1.5423 7.3083
1.3703 2.8628 7.2585
1.4827 2.9985 6.8579
1.3743 2.8691 6.7142
3.2612 2.0368 2.5198
3.3074 1.8027 2.5627
3.3293 2.1549 2.0824
3.3922 -0.1202 11.3396
5.8031 -1.3518 8.1863
5.8963 -1.0303 8.5138
5.6362 -1.2494 8.5552
-2.5427 1.7794 1.408
-2.6816 1.6781 1.2475
-2.4037 1.9649 1.2072
6.7154 2.4503 6.9991
2.1442 0.6311 10.4524
2.0755 0.0909 11.0026
2.1801 0.3296 10.9098
-2.3002 1.528 5.5976
-1.7193 1.6008 5.3322
-1.9627 1.7335 5.2288
-1.8145 1.3829 5.5894
2.4549 -2.0309 2.4935
2.644 -1.841 2.7499
-1.3708 0.568 1.8901
-0.9911 0.3576 1.8476
0.3356 1.0811 5.3345
-0.312 0.8049 5.617
0.4232 0.8944 5.4049
-3.1239 -0.514 5.1578
5.3763 -1.1712 6.1185
5.5609 -1.4095 6.6187
4.4245 -1.2372 1.3368
4.3194 -1.6766 1.4251
4.5891 -1.6417 1.1951
3.8388 2.3883 1.5138
4.2011 2.5681 1.387
3.6509 2.6778 1.4935
3.2662 -0.095 2.3697
3.5023 0.225 2.6001
3.3438 -0.4152 2.6536
6.5678 2.1689 6.7854
6.6096 2.5865 6.6151
1.8991 0.0407 1.3641
1.7486 0.3417 1.4279
2.1411 0.3054 1.4808
4.3978 -0.6591 0.9694
5.5266 3.4254 6.5539
6.6363 2.8779 6.6629
6.4329 2.6512 6.3318
6.4066 2.8847 6.4255
-1.1449 -0.7251 5.302
-1.342 -0.8474 5.0969
-1.0169 -0.8541 5.1196
6.5462 -0.4108 6.6608
6.4149 -0.7089 7.0934
6.3436 -0.7618 6.7947
2.6945 0.7561 1.7295
2.9569 0.9292 1.8872
-0.092 -0.8616 5.188
-0.2093 -0.9885 5.0399
0.3841 -0.9345 5.0517
5.0856 -1.7319 8.0432
5.055 -1.7968 7.773
4.1825 1.1832 0.6747
4.4051 1.3579 0.7582
4.0955 1.2652 0.9636
4.8162 -1.6736 8.3709
-4.579 2.5843 2.0132
2.0864 -0.5392 0.3309
1.8675 -0.3826 0.8824
2.0965 -0.406 0.581
1.325 -1.0473 4.9381
1.6604 -1.1557 4.8048
-3.6189 1.0953 5.4831
-3.4906 1.2853 5.5512
-3.6504 0.9542 5.3758
1.7245 2.0622 4.8383
-4.1968 2.2245 3.1374
-4.2325 2.0841 3.0911
-3.9705 1.796 3.7723
0.7831 0.2159 5.5877
0.5594 0.2017 5.5097
0.7304 -0.099 5.4947
0.5352 2.4384 3.5276
0.7786 2.4688 3.4362
4.7894 -1.8847 7.0993
4.8808 -1.8571 7.5223
0.8762 -0.2329 5.9749
0.9742 -0.2241 5.749
1.0283 -0.4484 5.7981
-3.0985 0.637 7.1031
-4.2395 0.3525 8.2007
-4.3411 0.5097 8.1784
-4.3852 0.265 7.7583
-2.2369 2.8967 3.2574
-2.5388 2.8739 3.3523
-1.9776 2.7203 3.57
-1.811 1.8687 1.9631
-1.9798 1.6524 1.8785
-2.1409 1.7399 1.7796
3.5796 -2.6461 0.9387
3.171 -2.6406 0.9961
3.3757 -2.7113 0.7873
-0.6259 -1.2451 4.1339
-0.5651 -1.2599 3.7979
-0.187 -1.2759 4.2511
-1.4724 2.3767 2.3299
-1.5608 2.2096 2.1792
3.4145 -1.4708 1.7227
3.251 -1.6612 1.8629
-2.0465 -1.8613 0.2346
-2.0844 -2.0802 0.4744
-2.2902 -2.1938 0.2464
0.6675 -0.0446 6.3768
0.7273 0.1469 6.1207
0.8768 -0.2087 5.5135
0.8975 -0.4462 5.3937
2.9088 2.1083 3.82
2.8343 2.146 4.0627
0.7461 0.8167 6.0363
2.0638 -0.943 8.7766
1.8643 -0.5882 9.1253
-3.6814 0.684 4.8437
-3.7274 0.1403 4.4724
-3.6557 0.4174 4.8462
0.567 -0.3921 5.3994
0.6991 -0.5055 5.339
-2.8664 -2.3693 0.8418
-2.6231 -2.3357 0.775
-2.6345 -2.1827 0.9924
3.3179 -2.5882 0.162
-3.2371 -2.0534 0.0627
-3.4336 -1.5708 0.1006
5.2573 0.0046 9.6309
4.6297 -0.2567 9.8554
5.1518 -0.2996 9.5796
-1.6966 1.1078 1.9278
-1.9363 1.1965 1.9207
-1.7422 1.4762 1.9457
3.8251 1.4785 3.7707
4.0143 1.4446 3.7875
3.6144 -0.0849 2.9843
0.4536 -1.3655 2.6667
0.6677 -1.5209 2.607
0.7133 -1.5201 2.9364
-2.4677 0.1867 6.3312
-2.5462 0.3781 6.4661
-2.8164 0.2062 6.5933
0.5117 0.8966 6.9146
0.5407 1.0751 7.2865
6.019 -1.1426 8.1579
6.1075 -0.906 8.314
6.6308 2.4277 6.7692
3.7699 1.0886 10.1717
3.4143 1.0723 10.2617
0.7966 -1.2167 1.7055
0.585 -1.1969 2.0027
0.8223 -0.3431 7.7509
4.5771 2.0111 1.1429
4.7495 2.2506 0.9417
1.7547 3.2572 7.1385
4.8246 1.9782 4.1798
5.1019 1.984 4.3703
4.5729 0.0847 9.9926
5.1431 0.2567 9.7417
2.1395 -1.9802 7.0809
2.0118 -1.8032 7.4054
2.3027 -1.4322 8.1714
2.2581 -1.8793 7.425
2.4534 -1.5986 7.9745
0.9605 -0.5984 6.0434
-3.01 -0.267 1.4177
-2.9415 -0.3159 1.2429
4.5405 2.127 4.1226
4.7493 1.627 3.9732
4.4049 1.6443 3.868
0.9888 -1.5284 1.5866
1.3971 -1.5988 0.9429
0.1077 -0.9849 2.2804
0.3056 -0.9074 2.0377
0.35 -1.1096 2.2282
4.2688 2.0547 4.0214
1.8203 1.2231 1.0823
1.7108 1.3707 0.9461
1.8955 1.3266 0.8258
1.153 -1.4349 1.2549
1.2033 -1.226 1.1257
1.042 -1.0183 1.3444
1.9982 3.1108 8.3064
-3.5953 0.292 5.2022
-3.6767 0.4456 5.4274
-3.6628 0.6649 5.2956
-3.5962 0.1644 5.4399
-2.0263 -1.0012 0.8959
-1.924 -0.9643 0.6131
-2.0816 -0.7437 0.7501
3.7891 3.8074 6.0562
3.8635 3.5601 5.4938
1.6727 2.9054 2.2929
1.3144 2.7845 2.521
1.4206 2.7732 2.7581
3.6054 -2.1151 0.0114
3.5523 -2.2955 0.029
3.1129 -2.1413 0.0198
3.129 3.4745 5.4314
2.8314 3.2957 5.2957
6.1571 0.8624 5.0796
6.1796 0.6649 5.0934
3.4047 1.5841 2.8042
3.3202 1.6565 2.4279
3.3803 1.3712 2.5521
6.631 1.4685 7.8689
6.6523 1.3088 8.031
6.8675 2.804 8.779
6.3137 2.7199 8.8016
2.5831 -0.7662 9.2901
3.0692 -1.1596 9.1032
3.071 -0.9438 9.3077
2.1481 -0.7572 9.1132
2.4031 -0.7012 9.2998
1.8483 -2.0693 2.4602
1.4241 -1.7061 3.2241
1.2726 -1.774 2.9527
4.0263 0.345 10.4139
4.1837 0.5703 10.2174
-4.7693 -1.211 1.8727
-4.5802 -1.2708 2.2131
-4.4387 -0.9971 2.7414
-2.426 2.5528 1.5836
-2.3808 2.2782 1.4605
-2.3769 2.4763 1.3852
-2.462 2.7063 1.4396
3.5361 1.2975 10.1138
2.698 1.5784 9.8988
2.5011 2.1852 9.5245
2.8846 -0.3048 1.305
2.665 -0.2261 1.1762
2.5899 -0.1344 1.3915
3.8923 1.1712 3.6751
2.1594 -1.3 8.2688
2.5435 -1.45 8.3095
2.8556 -1.4674 8.5336
-1.9583 0.3 6.0745
-1.6705 0.3713 5.9536
-1.8991 0.5783 6.0623
-4.2215 -1.8048 1.8808
-3.9703 -1.7508 2.3223
-4.0359 -1.6052 2.5533
1.7343 -0.2245 1.2008
2.0472 -0.0632 1.2945
2.0221 -0.2107 1.0982
2.8615 -0.447 11.6808
2.866 -0.6367 11.4991
3.0282 -0.5427 11.5571
2.9503 -0.2287 11.6623
-2.8054 -1.9462 1.277
-3.7687 0.6975 5.5799
-3.7564 0.38 5.6162
2.9105 1.5676 9.9565
4.8212 3.7293 6.7531
4.365 3.8663 6.8419
4.6583 3.8004 7.1229
6.7886 1.3106 7.0896
6.6086 1.5517 7.6039
6.6667 1.298 7.6774
4.4544 -0.298 9.954
4.3873 -0.5082 9.8603
4.5904 -0.5193 9.7388
2.3695 -0.5878 9.4448
3.129 -0.4963 9.7289
3.2103 0.5034 10.9074
2.9841 0.8419 10.5772
-3.9052 3.4414 0.2046
-4.0085 3.0896 0.1716
2.1012 -0.5393 9.4651
1.9027 -0.4745 9.4573
5.5151 1.4014 4.4503
5.9283 1.8401 5.1678
5.886 1.4073 4.894
4.3427 2.8271 1.2184
4.4263 2.5534 1.2753
4.5258 2.7076 1.1172
2.1558 3.2687 5.8913
2.5935 3.4208 5.6821
2.5003 3.202 5.406
5.1516 2.9901 5.3032
4.8133 2.7452 4.7691
6.6289 1.2312 5.9844
4.6309 1.19 3.8106
4.9218 0.6167 3.8479
4.5878 0.6661 3.7547
3.5579 1.2565 2.8995
4.0923 1 3.7183
4.363 1.2008 3.7669
-1.6081 2.5012 0.458
-1.75 2.1757 0.62
2.3909 2.8395 2.6346
2.0241 2.7112 3.1878
2.1858 2.6087 3.362
-0.8036 1.8054 4.8868
-0.2843 1.6711 4.9604
-0.1184 1.9109 4.6606
4.8351 -1.4386 0.5915
4.7827 -1.5935 0.3545
6.5244 3.0939 6.7064
6.8612 3.1522 7.0839
-4.4417 2.0501 1.406
-4.6139 2.4128 1.32
3.3668 -0.3914 1.0247
3.8762 -0.4915 1.076
2.3591 2.5574 3.3587
2.6132 2.8022 2.5066
2.5579 2.5763 3.1053
3.2474 1.0277 0.62
3.2202 1.0854 0.9977
2.7568 1.0442 1.0668
-3.7121 1.8452 0.2689
-3.2676 1.6675 0.3022
-3.7117 1.6596 0.4536
0.888 1.6045 8.2103
0.9955 2.0287 8.0511
0.7948 1.677 7.8698
1.2185 1.8556 1.0421
1.3807 1.4909 1.1021
1.2163 1.4753 1.2221
4.803 2.4062 0.614
4.7304 2.6599 0.5573
4.6641 2.7582 0.8265
4.0176 -0.0773 3.7362
3.9667 -0.4535 3.8665
3.7875 -0.5162 3.7874
3.1387 2.8244 1.6825
3.2874 3.0028 1.3886
3.3118 2.5649 1.7853
3.6025 -1.922 4.6824
3.7566 -2.065 4.8474
-2.2718 2.2708 1.2281
-2.0058 2.4939 1.1189
-2.255 2.5431 1.2668
1.6854 1.0287 1.3022
1.6286 1.2165 1.1743
1.6772 -0.6436 0.7347
1.4064 -0.6709 1.0597
1.5543 -0.4512 1.0949
1.6732 -1.768 3.1509
3.4857 -2.1066 1.5207
3.1672 -2.2504 1.5126
3.4613 -2.3645 1.3407
0.8637 -1.0987 4.7545
1.0526 -1.139 4.6611
4.4364 -2.1886 0.2215
4.4688 -1.9859 0.1323
-2.4651 1.6679 0.627
-2.5828 1.6309 0.4005
-2.3116 1.7302 0.3614
4.5534 -2.0072 1.0682
4.6833 -1.8542 0.9105
-2.7307 1.7253 0.2069
-2.9231 1.6149 0.3395
-4.6713 -0.4918 0.8271
-4.5025 -0.2556 1.5243
-4.449 -0.3132 0.7434
-2.4622 3.8693 0.662
-2.341 3.885 0.4023
-2.6046 3.9456 0.509
2.5077 2.2769 3.8717
2.6886 2.4274 3.269
5.7666 2.2525 5.2371
5.4818 2.3294 4.979
1.8785 3.0007 1.4713
2.2526 3.1359 0.99
3.726 0.4856 3.008
3.8598 0.329 3.4771
3.7236 0.1925 3.0966
-3.7786 1.0739 2.911
-3.6629 1.1279 2.5934
-4.5595 -0.5622 2.5261
-4.3933 -0.4831 2.9683
3.4526 1.6582 3.5146
3.2838 1.8556 3.6669
-1.834 2.3707 0.9683
-1.834 2.8414 1.0028
1.7648 1.5708 0.6204
1.948 1.6944 0.2553
2.0111 1.4983 0.3691
4.5371 2.9622 0.3428
4.3124 3.1832 0.2834
4.4257 3.1382 0.5534
2.9239 2.6178 2.4979
-0.8945 1.3189 5.422
7.4171 3.243 7.8272
7.5294 3.0646 7.7262
1.2189 -1.3456 6.3408
1.5604 -1.5531 6.0059
1.5049 -1.6834 6.4207
4.6713 0.2386 3.7895
4.1241 0.6145 3.7058
3.4137 1.3771 0.1026
3.9148 1.4017 0.1447
3.5504 1.2275 0.194
3.3771 -0.6835 2.9698
3.3823 -0.8082 3.1893
3.2697 -0.8425 2.757
3.7216 3.2002 1.1487
4.1845 3.1349 1.0662
3.6875 3.3388 0.989
4.9411 2.4262 9.2761
4.5701 2.4919 9.3962
3.0715 -1.9088 1.9096
-0.4903 0.3642 1.7197
3.5597 -0.7518 1.3856
3.9036 -0.6945 1.2762
3.3999 -0.5324 1.2209
2.9594 -0.2985 1.0478
3.1915 -0.2597 0.7971
3.1574 -0.4352 1.2314
-3.9858 1.3907 2.8032
-3.925 1.2215 3.12
-2.1004 3.7543 0.4975
-2.2293 3.6843 0.8038
-1.9211 3.5204 0.6791
-3.6761 0.2544 2.0789
-4.0021 0.0043 1.4177
-3.8844 0.2148 2.1747
-2.2986 -0.5491 0.822
-2.6575 -0.5839 1.2274
-2.2834 -0.7774 1.057
4.6328 -2.1043 0.7064
4.5688 -2.1871 0.4177
4.7114 -1.9725 0.5639
3.1044 -2.7231 0.6523
2.7299 -2.6415 0.6108
-4.4582 -0.2614 2.4128
-4.1951 0.0334 2.9617
-2.1665 2.1575 1.7459
-2.3191 1.839 1.634
2.2778 1.3271 0.3101
2.3874 1.2141 0.4405
3.3033 1.8331 3.1015
-2.0881 1.3177 5.7607
2.2187 3.4749 6.2759
2.4705 3.5952 6.2108
-3.6537 -2.3378 0.2547
-3.3924 -2.4479 0.3638
-3.6304 -2.4115 0.4741
2.228 0.1385 1.4678
-0.8469 -1.1994 3.3486
-1.0835 -1.1416 3.0746
-0.8124 -1.1005 3.0573
-1.0554 -1.245 3.4283
2.4105 -1.9178 0.039
-0.9633 2.0843 4.4948
-1.2202 1.9101 4.8124
-0.7492 1.9531 4.6787
-0.0088 -1.0625 2.5174
-1.1258 0.3187 5.8241
-0.0563 2.2989 4.0374
0.716 2.2967 3.9683
1.4246 0.0574 1.4137
-1.9633 3.1005 0.0156
-2.269 3.3046 -0.001
-2.2829 3.5735 0.0219
-1.8627 3.299 0.0832
1.2308 -0.494 1.3281
1.4627 -0.198 1.3354
1.4074 -1.3485 0.8096
1.6775 -1.5547 0.3242
1.6662 -1.7333 0.4482
3.7884 -1.1351 0.0212
2.8694 -0.882 0.0236
3.0902 -0.545 0.0378
0.7248 -1.4095 3.4875
0.4673 -1.3769 3.2504
1.7082 -1.2822 4.34
1.5766 -1.3664 4.0521
1.7939 -1.3967 4.0062
2.7125 -1.4736 3.3939
2.4954 -1.5071 3.5097
2.451 -1.7963 2.9754
0.2976 -1.3115 2.9608
1.1959 -0.821 1.2171
3.4053 -1.7496 8.1963
3.5706 -1.7336 8.4477
3.0098 -1.6941 7.9436
3.2217 -1.0466 2.8761
4.8751 1.1733 3.8981
1.5105 1.8053 0.7416
1.3867 1.9965 0.8002
1.8191 1.9763 0.2549
-1.1885 -1.199 4.2474
-1.4641 -1.1171 4.4787
-1.2626 -1.2638 4.0364
5.7561 3.1666 8.3455
5.5342 3.3209 8.1554
-3.7337 2.4934 3.5846
-3.255 2.1202 4.5527
-3.5194 2.5615 3.6873
-3.3055 2.393 4.1096
-3.311 1.0648 2.2945
-3.4837 1.1653 2.2786
-3.1903 1.1651 2.0503
-4.1377 0.7428 8.3169
-4.3887 0.8453 8.0261
-4.4434 0.6449 8.0045
1.6286 0.6632 9.5696
1.7261 0.994 9.5697
1.5626 0.9452 9.3957
-3.9348 0.9214 3.6777
-3.8832 0.8111 3.3567
-3.9476 0.6365 3.7096
4.7165 -1.9487 6.4331
4.8364 -1.9252 6.2882
4.9303 -1.7907 6.4081
0.7679 1.7799 4.7789
0.5983 1.6741 4.8714
1.4992 -1.6156 7.0628
1.3986 -1.5951 6.7542
-2.7843 0.8671 6.692
-3.2284 0.8558 7.2446
-2.8976 0.7322 6.8492
5.4018 1.0823 9.5792
5.7549 1.4828 9.2321
5.1906 1.4423 9.6194
2.0084 2.166 4.6189
2.1249 2.2387 4.706
-2.1142 -1.1853 4.3532
4.5918 3.1145 8.9033
4.2396 3.0558 9.0857
4.5906 2.7177 9.2439
-2.9214 -0.8904 0.1343
-2.8775 -0.4595 0.1731
-2.4963 -0.61 0.1526
-2.3199 -0.6337 5.4704
-1.6269 -0.7099 5.3265
-2.5331 -0.4114 5.7866
0.4698 0.681 1.481
-3.7169 -0.0981 6.792
-3.9658 0.0022 7.4334
-4.004 -0.0556 7.0489
-1.7542 -0.1535 5.8336
-1.2184 -0.2885 5.6673
-1.1869 -0.0593 5.755
1.0006 2.4198 1.4166
1.2342 2.3765 1.0241
1.1439 2.5912 1.4063
-4.6366 2.584 1.2728
-4.6279 2.7487 1.236
3.3629 1.4198 1.5019
3.4379 1.2252 1.1898
3.5543 1.3975 1.3253
-3.0415 3.9474 0.4519
-3.0736 3.9147 0.6407
-1.9265 3.5862 0.2535
-2.1899 3.6726 0.0992
-2.2286 3.7989 0.222
-1.2792 1.2814 1.9108
-0.2615 1.1992 1.6854
-0.4816 2.4401 3.6504
-1.0086 2.4269 3.7051
-2.326 2.7999 1.2969
-1.2635 -0.0733 2.0589
-1.3852 0.1574 1.9851
-1.009 0.1374 1.9104
-1.8647 -1.3038 0.6766
-2.0077 -1.5578 0.9207
-1.8892 -1.5821 0.6807
4.2674 2.3042 1.4003
5.0316 0.792 3.9163
5.3233 0.8486 4.0993
5.3158 0.5642 4.0614
-4.1946 -0.2056 0.6184
-4.1973 -0.3056 0.4391
0.2251 -1.2531 4.3455
0.4966 -1.2966 3.9151
-2.8823 2.5983 3.9054
-3.1444 2.5641 3.8975
-3.034 2.4152 4.2034
0.5521 0.3577 7.5057
0.5689 0.7263 7.6436
0.5215 0.6791 7.355
3.2604 2.2083 4.1703
0.8046 1.3356 5.9907
-1.2626 2.5141 3.5966
-1.8278 2.7294 3.4699
1.8345 2.8607 0.6396
-4.1425 0.8776 6.3282
-4.3766 0.6322 6.7238
-4.3275 0.9098 6.7802
0.509 0.3882 7.0706
0.5878 -0.0136 7.2648
1.3315 2.005 4.6115
1.1599 2.2042 4.2162
3.7437 -2.2839 5.2948
0.5382 0.7823 6.6205
0.5841 0.0343 6.7014
0.5142 0.5258 6.8075
-3.9623 3.4577 1.5356
-4.1289 3.3758 1.6194
-3.8737 3.3219 1.9938
0.8589 0.6276 5.768
0.8331 0.2618 5.8601
-0.1261 -0.6668 5.3475
0.5543 -0.6854 5.2441
-0.2996 -0.4288 5.5168
2.8018 2.4466 9.4864
3.1371 2.7195 9.3825
2.7419 2.8303 9.1849
6.1609 1.4202 8.991
1.882 -1.1837 4.908
2.6629 -2.1104 5.9474
2.6468 -2.1893 6.2889
2.0684 -2.0134 6.285
2.1154 -1.9733 6.0879
0.5307 -0.0068 5.5007
1.4482 -1.0311 5.5805
1.1915 -0.7002 5.6848
1.2434 -0.7231 5.4837
0.6615 0.5747 7.9996
-0.5987 -0.6598 5.3862
0.6134 1.2453 5.2067
0.2409 1.6131 4.9436
0.2733 1.3389 5.1694
5.8883 1.1027 4.7601
2.6655 -0.4348 10.4701
2.4004 -0.5896 11.0037
2.3509 -0.5139 10.6676
3.7658 -0.2321 3.5226
3.6203 -0.318 3.1998
0.8818 -0.0249 5.613
0.8585 -0.8396 5.1242
0.8256 -0.9882 4.9536
2.0288 2.9374 8.6087
2.2946 2.8973 8.8908
2.4431 3.2786 8.5091
-2.2707 -0.9182 2.0446
3.6946 3.3676 8.826
3.2839 3.506 8.5965
3.2456 3.3418 8.8191
-0.8779 -1.2561 3.803
1.8945 -1.7586 5.9087
1.8233 -1.8393 6.1344
1.6068 0.2755 9.6508
1.5045 0.4242 9.3775
3.1948 1.3924 1.7971
2.9844 1.1002 1.7892
3.778 1.0563 0.6847
2.2689 3.5775 7.4145
2.1031 3.501 7.0395
2.1788 2.325 3.9937
2.2115 2.2187 4.2397
2.4005 2.24 4.0462
2.4085 2.6088 9.2166
2.6832 3.0331 8.9746
4.6944 2.5529 0.9609
-4.7995 -0.653 0.8841
-4.7078 -0.6596 0.5826
6.2467 2.4591 5.9939
6.1806 2.0319 5.6325
5.9498 2.1122 5.3628
3.2821 -0.594 10.8132
3.2145 -0.6216 11.0672
2.9981 -0.6071 11.0369
3.0095 -0.4369 10.4909
4.6706 3.2857 8.6737
4.1423 3.3594 8.7853
6.0011 3.3343 8.0523
2.8603 3.3105 8.7214
-2.1372 2.9483 3.0555
-2.2784 -1.6854 1.143
2.2882 0.0302 11.3914
7.5989 3.2099 8.1881
5.2814 3.3832 8.1767
4.8335 3.4337 8.3715
2.0642 -1.5366 0.05
4.0733 3.9005 6.6512
5.3521 3.5789 7.3522
-4.2496 -0.5904 3.2833
-4.341 -0.766 3.0646
-4.1585 -0.8429 3.3191
6.5415 2.2562 8.9575
2.5288 3.4986 8.1691
2.016 -1.6547 7.6625
1.0991 2.514 7.0375
5.4551 -0.7553 4.5413
2.4736 3.6886 7.3947
2.7713 3.826 6.8939
2.3465 3.6411 6.9306
-2.6501 -0.5272 5.5987
-3.0504 -0.3222 5.9106
-2.8757 -0.4791 5.5867
0.3343 1.3959 1.5861
0.4009 1.1409 1.514
0.2898 0.9439 1.5168
-4.328 2.0491 2.8036
-4.4907 2.3169 2.3481
-4.3221 1.9353 2.7039
2.2189 3.5511 6.5861
1.7856 3.2813 6.9223
-2.4602 -0.6892 1.8883
-2.5054 -0.9395 1.8363
-2.4604 -1.1177 1.9417
-2.3331 -0.4246 0.4938
-2.3233 -0.4988 0.2877
-2.6486 -0.2997 0.3234
1.2451 2.5698 6.2487
3.9243 -1.6367 4.4569
4.0928 -1.2416 4.2667
-1.985 0.9464 1.9429
2.2561 2.2051 4.4431
1.1054 2.4817 6.5943
0.9152 2.216 6.9928
0.8189 2.0202 6.7961
1.3097 -0.8651 5.2945
6.3299 0.0835 8.6482
6.4774 -0.1263 8.2753
6.4672 0.3143 8.4823
2.213 -1.2842 4.4205
-2.3731 -1.5508 2.4529
-2.5355 -1.6964 2.7037
-2.5127 -1.6457 2.5266
-2.2047 0.1617 2.0583
-2.1091 0.6525 1.9928
-1.7059 0.3887 1.9739
0.4174 2.1895 2.0254
0.3634 2.3509 2.3927
0.6881 0.9321 5.386
0.7359 0.7779 5.4764
0.9331 1.0608 5.4804
-2.9575 3.8539 0.8237
-3.0639 1.3056 6.4627
-3.0338 1.2185 6.6168
-2.6408 1.1193 6.3784
-0.0659 0.5494 1.5946
2.8283 -0.0269 11.6098
0.6875 1.4635 5.0571
2.2048 -1.3491 4.1378
2.0643 -1.4488 3.8535
2.3076 -2.1078 6.4241
-3.908 0.2004 4.0181
3.3143 -2.4404 0.0764
1.3669 -2.011 2.2494
1.6857 -2.0862 2.3268
2.7511 -2.1917 6.5297
2.6533 -2.112 6.7649
1.2434 -1.4369 6.5812
1.1319 -1.2951 6.7859
1.0352 -1.1181 6.9954
0.9886 -1.0778 6.6758
4.3923 -1.9225 1.2985
-2.6521 -0.1497 6.153
1.0086 -0.396 5.5202
-2.336 1.2877 5.9407
-2.1064 1.0592 6.0011
1.9898 0.8535 1.3917
1.7861 0.7492 1.4032
1.3272 1.0908 1.3338
3.2913 -2.4956 6.151
3.5683 -2.54 6.2747
3.0472 -2.2731 6.5181
-3.3405 0.0311 1.6025
-3.1357 -0.1419 1.4619
3.5169 -1.8162 7.2016
3.445 3.8275 7.9996
-2.9273 1.2181 1.9152
-2.6486 1.1525 1.9321
1.3616 2.1889 0.8182
1.1337 -1.0372 6.0793
0.8054 -0.692 6.6418
0.9571 -0.945 6.444
2.5295 3.1126 1.4347
2.8667 3.1606 1.2571
2.4582 3.1599 1.1952
3.9046 -1.9109 4.6606
4.252 -2.0777 4.9752
1.1431 -0.1785 1.4608
3.221 -1.0587 2.4724
3.2281 -0.8048 2.1765
2.467 -1.6738 5.2217
-3.6427 0.493 2.6044
-3.6077 0.6487 2.7209
-3.4003 0.5886 2.4809
1.0199 -1.4963 3.4724
1.3165 -1.4528 3.7355
0.8445 -1.239 4.2523
0.8655 -1.3453 3.7995
1.1208 -1.2173 4.3953
-2.5143 1.788 1.0672
-2.1307 1.9095 0.8629
1.0092 -0.7333 1.4225
2.5485 -1.4176 4.8318
6.5701 1.8855 7.2996
6.6008 1.8829 6.9836
-2.7409 1.4959 5.8059
-2.5009 1.6225 5.5242
1.3586 -1.3327 6.0373
3.3906 3.5081 0.2784
3.3107 3.3998 0.1169
3.0478 3.3983 0.1707
3.2618 1.5167 10.0114
3.2144 1.2612 10.1562
3.0015 -1.3961 3.0783
2.823 -1.4783 3.2478
4.6577 -1.0714 0.2261
4.612 -0.7891 0.3476
-1.6867 0.1036 5.9244
-1.2485 0.1098 5.812
2.208 -1.5643 3.5333
1.881 -1.632 3.4592
3.7813 -2.4956 0.1228
3.6122 -2.6374 0.2336
2.94 -1.2878 3.5391
2.96 -1.3455 3.3126
3.4244 -1.1396 1.6654
2.7725 -1.4525 4.7109
5.5113 -1.6977 7.4845
5.7626 -1.5327 7.5872
5.6041 -1.6041 7.8218
3.1235 -1.3267 2.7409
4.1716 -1.2797 1.4734
4.075 -1.6279 1.5229
2.7755 -2.0996 1.9737
2.5969 -2.5205 1.1451
2.8848 2.9107 1.8015
3.1202 2.6721 1.9853
2.5684 -2.1438 2.0917
3.3535 0.1214 11.2096
3.0667 -0.0318 11.5238
4.8341 -2.3075 5.7218
4.9966 -2.113 5.6734
5.1558 -1.5475 6.3342
2.7527 -2.2069 0.0473
1.5774 -0.3515 9.0454
5.2751 -1.7797 7.6357
3.8453 2.4225 4.2083
3.8871 2.7255 4.4412
4.2449 2.4565 4.2656
3.7774 -2.6835 0.4071
3.9569 -2.5051 1.0287
4.029 -2.5594 0.8626
4.2562 -2.3298 1.0725
4.2407 -1.6918 0.0246
2.6643 -2.4005 0.1554
2.2774 -2.1314 0.1222
-2.7907 -0.3351 1.0244
5.188 -1.3537 5.9904
-3.0966 -2.4455 0.2353
-2.9298 -2.3862 0.1542
-2.861 -2.4836 0.4153
-3.2007 -2.4993 0.483
4.5401 2.2685 1.2266
5.9741 -1.2824 7.1282
3.2461 -0.6085 11.2639
2.9007 -0.6609 11.2138
2.619 -2.584 0.88
2.4322 -2.5313 0.5593
2.3443 -2.4808 0.9966
4.1057 -2.5766 0.6371
3.8348 -2.6745 0.6442
5.0035 1.6525 4.1156
5.2994 1.9205 4.4971
3.9631 -1.8039 7.0053
1.3332 -1.2859 4.2072
4.2381 2.6524 9.3897
3.9974 2.8059 9.324
0.7849 -1.1824 4.5225
0.076 -1.2025 4.5798
3.1058 1.2718 1.6291
2.337 -2.2518 1.9405
2.5229 -1.9527 7.2633
2.7977 -2.0061 7.0097
3.5336 -2.2675 5.3317
2.7802 -2.2795 1.6531
2.0015 -2.3013 0.6777
1.8813 -2.27 1.2818
1.7183 -2.1416 1.1485
5.759 -0.6444 5.4057
4.6022 -2.1402 5.0924
4.6567 -0.3008 3.9117
4.868 -0.6524 4.1286
4.4567 -0.7062 4.0572
2.9633 -1.2103 4.2689
3.2038 -1.1457 4.187
3.0246 -1.3122 4.437
2.7214 -1.3031 4.528
2.2032 -1.8498 5.7749
2.2373 -1.7338 5.5609
7.3448 2.3784 8.8237
0.8965 2.1618 7.2885
0.8534 2.0347 6.5788
2.9057 -2.2799 6.1116
2.989 3.023 1.4865
2.6985 3.0445 1.5911
-1.2472 -1.0034 4.7678
1.9065 -0.2691 10.5232
2.39 -2.045 6.9796
3.7003 -0.7918 9.6616
3.8169 -0.9261 9.5273
4.0785 -0.8058 9.671
2.3114 -0.5174 11.4496
2.5354 -0.5886 11.5574
2.5727 -0.6566 11.3856
-1.3201 1.0739 1.8818
2.5707 1.3045 0.1889
3.0025 -1.1698 4.088
5.3968 -1.7462 7.2576
-2.6564 0.2691 2.0639
-2.4595 0.5717 2.0621
6.1953 -0.9173 8.0972
6.3388 -0.7192 7.9534
5.7716 -0.7557 8.8772
5.6437 -0.315 9.2647
5.4508 -0.6366 9.2224
5.6475 -1.017 8.7898
5.4256 -1.1581 8.8312
2.0391 0.8902 10.0165
2.0209 1.0682 9.8424
1.8459 0.7402 9.8599
5.1544 -1.8388 5.4857
5.3 -1.3001 5.3766
5.1756 -1.3911 5.8226
5.0146 -1.7244 6.0832
5.0779 -1.9219 5.7245
-3.1076 0.6044 2.2872
-3.2445 0.4543 2.2799
2.1704 2.3348 9.2675
4.0134 -1.6174 8.71
5.3104 1.5472 4.3067
0.582 0.6995 5.4704
3.4324 -2.738 0.4252
2.9508 1.1441 1.5103
3.186 1.1833 1.2789
3.6302 0.9859 2.8665
3.7988 0.8742 3.4152
3.7103 0.738 2.9937
-1.6857 1.026 5.8135
-1.3552 0.9355 5.757
-3.9901 -0.6151 0.2218
-4.3637 -1.1067 0.2242
-3.1561 -0.8713 4.4158
-3.3592 -0.9869 4.0334
-2.9388 -1.0041 4.3661
3.0932 0.0725 2.0809
3.8859 0.8059 3.5611
-1.8119 3.1607 0.8962
-2.0101 3.2654 1.0105
3.6877 -1.2905 9.1354
3.5703 -1.5425 8.8114
6.5823 1.8222 7.6049
-2.3194 -1.6763 3.1031
-2.5427 -1.6544 3.2439
-3.2471 -1.8073 2.417
4.5323 -1.2175 0.1104
4.3382 -0.8849 0.0976
3.2096 -1.0607 3.7316
3.8063 -1.3616 4.3037
-3.1638 1.2827 1.7941
-3.2743 1.4106 1.4133
-3.5924 -0.0897 0.5794
-3.365 -0.0868 0.6092
3.4311 0.5746 2.4399
3.2689 1.0553 2.2869
3.5628 0.7687 2.6579
3.3473 -0.2441 0.2881
4.1802 -0.1551 3.8041
-1.4912 1.4023 5.4871
4.3683 -0.8505 1.197
4.6443 -1.0866 1.0623
3.6034 0.3557 2.7471
-4.6043 -1.1955 0.3115
3.2594 1.481 2.1529
3.2953 1.5837 1.8474
2.273 0.8449 1.4631
-4.2252 -1.3873 2.6466
-3.9657 -1.0754 3.3757
-4.3307 -1.2371 2.6928
1.1406 2.5176 7.5055
1.2525 2.4604 8.0564
1.4581 2.8951 7.6241
-3.0682 -0.3825 5.632
-3.1931 -0.3437 5.4495
-0.3102 -1.2063 4.4922
-0.8325 -1.1759 4.3774
-3.9683 -0.123 0.6925
-3.7494 -0.0257 1.1065
-3.5271 0.8153 2.6698
-3.7711 0.7949 3.0327
-4.4543 0.3199 7.3127
-4.4425 0.4875 6.993
-4.3404 0.2575 6.8163
0.9026 2.0114 4.5037
0.5933 1.2861 7.3746
0.6376 0.9959 7.8639
0.7186 1.3271 7.9686
-4.0258 3.1437 2.271
-4.0943 2.9986 2.452
-3.7187 2.8146 3.1039
-3.9157 0.3174 2.6758
-3.9097 0.5149 3.2047
2.8388 3.3937 0.3132
2.4748 3.2498 0.4844
3.1608 3.1362 1.2602
4.6293 2.4118 1.1126
5.9963 0.4875 9.1366
5.1165 -1.215 4.69
-4.2315 3.374 1.3119
-3.8003 3.7094 0.7671
-3.4238 0.3011 7.5028
-0.9727 -1.2436 4.0578
2.6479 1.0621 1.3323
2.3281 1.094 1.1254
3.1357 1.2346 0.1796
2.578 2.9356 2.1256
6.5478 -0.3554 7.68
6.5525 -0.1919 7.9742
2.4503 0.6484 1.6061
0.5973 2.4969 2.7341
0.6974 2.5075 3.0921
0.8512 2.5652 2.8912
-3.6217 0.0328 1.3729
6.6737 0.4059 8.0204
0.6757 -0.2853 6.6111
0.612 -0.198 6.9601
4.6112 -1.3229 1.1693
-2.9868 -2.1141 1.1945
-3.3022 -2.1811 1.1988
2.2904 -0.1739 1.1488
2.4488 -0.2265 0.9818
3.0883 2.5772 2.2414
3.2636 2.3973 2.0781
2.8199 2.7007 2.4859
3.5564 3.439 0.8213
3.3614 3.5192 0.5593
3.0222 3.278 1.0453
3.0057 -2.3725 0.0694
2.3574 -0.1729 11.589
2.211 -0.2498 11.4646
2.4739 2.2015 4.228
2.8701 2.0662 0.029
3.5512 2.004 0.0343
-1.7819 -1.0682 2.4461
-1.8831 -1.2882 2.53
4.7486 -1.0591 0.806
4.7542 -1.512 0.92
1.9184 2.0949 9.2344
1.6181 2.1785 8.9147
1.9333 2.8857 5.5759
2.2254 3.0783 5.5068
1.5431 2.4718 3.7627
2.7921 3.6457 5.9749
2.9279 3.5257 5.6248
2.8669 2.4094 4.4282
2.8087 2.728 4.6954
-0.8509 2.1738 2.3247
-1.2223 2.2645 2.3606
-0.946 2.3431 2.5585
-1.6083 -0.7464 2.3833
-1.4771 -0.5442 2.3225
-1.2838 -0.837 2.5779
-0.1783 -1.1912 3.0265
0.1238 -1.1932 2.7156
0.3533 2.4773 3.0114
0.3845 -0.2633 1.6791
2.6528 2.1848 3.9952
6.7995 1.0674 7.3056
4.7308 2.2485 0.3126
6.2935 1.5129 5.494
0.923 2.3815 3.7945
1.5146 2.8805 2.1415
5.2549 1.2887 4.1606
-2.1023 2.9093 0.0141
-2.0803 2.4355 0.0443
-2.4656 2.0529 0.0812
4.7351 1.9341 0.4324
4.4726 2.9377 1.0027
2.8932 -2.28 6.3211
3.5098 -0.8028 3.7705
3.6857 1.5953 1.4141
1.6624 -0.0953 1.3194
3.0831 -0.4806 1.7154
2.9219 -0.284 1.6013
3.061 -0.3149 1.9145
2.9525 -0.0743 1.8468
2.2509 -0.2711 0.835
2.3388 -0.0537 1.375
3.1644 -0.6111 1.9604
-3.7284 1.4165 4.5262
-3.8762 1.8526 3.9651
4.1412 -0.6703 1.1718
-0.3504 2.0506 4.4962
2.1157 0.592 1.477
2.2868 -2.089 6.7048
1.5703 2.8913 1.5546
1.6149 2.8901 1.2917
0.6008 2.0196 1.7003
0.6346 2.2302 1.8392
-1.8099 3.4672 0.5165
-1.6172 3.1793 0.4563
-1.7319 3.34 0.2705
1.8594 -0.7229 0.3652
1.7111 -0.9722 0.365
-3.3426 1.489 0.9354
1.6522 2.8442 0.9762
2.6656 3.2448 1.0076
-1.861 2.8555 3.1584
2.7604 2.9344 4.9219
3.1555 2.9648 4.7831
-1.991 -1.8883 0.6729
-1.9379 -1.7194 0.2986
2.0927 3.0393 1.62
3.5679 3.5246 0.3904
3.7858 3.4644 0.2866
2.1643 2.6816 0.0949
1.9356 2.5105 0.1907
3.6318 -0.1979 0.3996
3.6875 -0.231 0.608
0.7729 2.5474 2.5158
3.0301 -1.4647 4.5717
3.3289 -2.2356 5.4216
1.2425 -1.9195 1.6646
3.1206 -0.142 2.124
3.1688 -0.4409 10.3252
6.6046 2.2063 7.1054
0.6106 -0.3354 1.6305
-3.3808 1.3987 5.3979
1.7928 2.4846 3.7552
2.5862 1.119 0.533
2.1409 1.158 0.9775
2.7264 1.0531 0.7201
5.5998 3.5223 7.4431
5.3211 3.5535 7.656
1.4164 1.8797 4.9237
1.3216 1.7693 5.1792
1.8968 2.1958 4.9008
1.5375 1.5818 0.8859
2.9102 1.0817 1.1968
6.5815 1.9092 6.5716
-0.8431 -0.9512 2.7872
-0.4798 -1.0058 2.7374
6.3106 3.4296 7.3331
7.0014 3.3554 7.6415
6.8837 3.2931 7.3325
-0.4529 -1.157 3.1139
0.6932 -0.383 7.2204
-1.986 -1.2079 0.908
-2.1203 -1.2684 1.0847
3.3951 1.9112 1.8649
-4.3723 3.2589 1.2532
-4.4271 3.1711 1.0472
-4.5389 3.0273 1.5507
-4.2479 -2.0348 1.0397
-4.4244 -1.8509 1.2596
-4.4014 -2.014 0.77
4.1087 2.8946 4.6174
3.9358 3.1823 4.937
-2.1583 0.2396 6.1727
-2.4372 0.5326 6.4194
3.969 1.2198 0.2714
-4.7292 -1.6251 0.7145
-4.8398 -1.3425 0.6449
-4.653 -1.6265 0.4515
-1.3252 -0.4947 5.5333
1.9249 -0.0725 10.6994
1.3912 0.3504 1.437
1.5432 0.8049 1.3893
-3.1823 2.7651 0.0854
-4.6033 2.7862 1.7478
-2.4762 -0.3545 0.6677
-3.9288 1.0244 6.0745
-3.9448 1.1875 6.3528
-3.7151 1.1323 5.8147
-2.461 0.8856 6.394
0.919 1.1773 5.342
1.8642 2.7616 3.0681
-2.3519 1.7927 0.2049
3.0818 3.7825 6.1504
3.1841 3.6844 5.8282
-3.5757 1.3631 6.6911
-3.142 1.3807 6.3181
1.5529 2.6114 3.4199
-4.8126 -1.0203 1.8693
-4.796 -0.9059 1.9323
-3.9852 1.5258 3.7474
-3.8945 1.3624 4.0819
1.064 2.5376 3.3774
2.856 0.1994 1.8335
2.6214 0.0319 1.5784
-2.2472 1.759 0.6231
-2.9886 1.813 5.1369
-2.1452 -0.1026 5.9856
-2.0074 0.0684 6.0256
-3.1398 0.4266 7.0798
-2.8612 0.5087 6.7856
-4.1692 1.7405 3.1281
-4.1042 1.7439 3.3949
-2.6505 1.3504 6.057
1.9232 2.6963 8.782
4.1146 -2.4481 6.3156
3.7743 -2.3413 6.4876
-3.5542 -0.0672 6.8308
-3.8835 0.0633 7.661
-3.6498 0.0858 7.4382
1.9888 3.0189 0.8029
4.224 1.8863 1.3573
3.7556 1.8209 1.4876
-4.5066 2.5732 0.6417
2.7267 3.1425 0.0714
2.8217 3.2837 0.1378
2.5916 3.2457 0.2345
6.6196 1.1675 8.227
6.5412 1.0671 8.4772
1.3708 -1.0363 0.9137
1.208 -0.8936 5.1587
0.7942 0.5629 5.589
0.8411 0.6184 5.6416
0.8787 0.8431 5.63
4.1018 3.6755 5.8331
4.0273 3.836 6.2432
4.9977 -0.3535 4.0282
-3.0579 0.2299 2.0452
-3.0272 0.0424 1.874
7.4462 2.4847 7.9609
6.032 -0.1521 8.961
6.0217 -0.499 8.7837
2.7356 3.7662 7.5577
6.3292 -0.8155 7.7224
3.5938 -1.85 1.5838
3.4104 3.8857 6.3428
3.7345 3.9034 6.4532
4.6566 -1.9426 0.3014
0.831 -0.131 1.548
0.9413 -0.5304 1.5036
0.6976 -0.5725 1.6396
4.4308 -2.2172 1.0138
-2.8716 1.8421 0.1569
3.336 1.8641 2.1017
2.0832 1.055 1.2559
4.9294 0.1478 3.8719
3.4772 -0.5753 10.9777
-3.3021 1.4221 5.6267
-3.5997 1.2985 5.9772
-0.4402 1.8336 1.9798
-0.9884 1.6601 1.9845
3.4032 1.654 2.996
5.5442 1.8693 4.7281
1.8498 2.255 4.192
-3.9054 -0.4932 3.8412
-3.6212 -0.6536 4.109
-3.747 -0.3461 4.1511
1.9015 -1.2158 5.1072
2.0971 -1.3819 5.1694
7.8014 2.7478 8.4928
7.6491 3.0562 8.4619
3.9922 -0.4163 0.1577
3.8705 -0.6503 0.054
-3.517 -0.0492 1.016
-3.0503 -0.1225 0.6331
2.9089 3.8439 6.5613
3.1763 3.9186 6.7294
-4.3758 3.1437 0.5814
-4.2579 3.1271 0.344
-4.4403 2.7596 0.4712
0.736 -0.9963 1.6966
-3.6338 3.353 1.9398
-3.5561 3.2002 2.3911
1.0377 1.3842 1.3462
1.0607 1.7087 1.2471
3.995 3.2772 0.137
3.8771 3.1866 0.0392
3.713 3.409 0.1495
3.7482 2.1316 1.5489
4.5846 1.7632 0.293
4.2323 1.4481 0.2246
4.3445 1.7501 0.1458
0.802 -1.4949 3.2455
1.1048 -1.8324 2.5468
4.7864 -1.747 0.6152
-0.5553 2.0758 2.1935
3.7111 -0.7997 3.9723
-3.4169 3.6128 0.0904
-3.2495 3.5106 0.0529
4.2665 0.3449 3.7393
5.0424 -1.0653 9.1387
5.0161 -0.6616 9.4488
4.4875 -0.7163 9.6434
2.1717 3.0146 0.3285
-2.8975 2.7922 3.519
-3.2841 3.0776 2.8134
-3.4444 3.0617 2.8031
3.352 3.1893 0.0162
3.9189 3.3756 0.8466
1.7423 2.8195 8.4204
3.6472 -0.4167 0.094
3.6191 -0.287 0.1907
3.0567 -0.3799 0.1223
-2.4211 -1.1001 4.4756
2.9776 -2.651 0.9173
4.1632 -0.9354 1.369
3.6376 -1.0424 1.5179
3.5352 -1.4773 1.6333
6.4592 3.4262 7.5864
-0.9565 2.5016 3.4119
-0.7274 2.5011 3.2296
-0.876 2.5094 3.1522
1.9264 -0.8294 0.2144
2.2995 -0.6194 0.1208
2.0548 -0.8565 0.1238
3.6681 -1.317 1.578
-2.5654 -0.814 1.342
2.7372 -0.6624 0.0371
1.978 1.9973 0.1328
1.787 2.2284 0.2619
2.0305 2.3063 0.0949
7.2197 2.9243 7.3667
7.142 3.2216 7.468
7.2889 3.0506 7.4711
2.999 3.2428 0.0542
2.5107 0.2434 1.6118
4.2734 2.7885 0.0558
4.227 2.252 0.0501
3.9745 2.817 0.0126
4.3371 -1.1449 0.0529
-0.579 -1.1985 3.3642
-1.3238 2.4591 2.53
1.7468 -1.8857 6.4814
-2.4061 2.0399 1.4399
-2.3031 2.2235 1.617
-2.362 1.5885 1.7132
-2.5054 1.7218 1.5361
7.7343 2.7669 8.5908
0.1534 2.0512 2.0195
0.3752 1.9444 1.8268
7.535 2.632 8.749
7.5785 2.8722 8.6405
0.015 2.4252 2.8067
-0.3409 2.4764 3.047
3.1798 -0.4457 9.8865
2.9168 -0.4058 9.8701
6.0666 3.4501 7.6903
-1.1426 1.4119 1.9186
-2.1185 2.6611 2.0546
-2.3119 2.8758 2.1722
-1.8725 2.7138 2.3032
1.2716 -0.9715 7.8011
1.2164 -0.5578 8.2494
1.0206 -0.6703 7.791
-3.3721 3.3374 1.7995
-1.6792 2.3199 0.6939
-1.6127 2.5508 0.713
2.3008 -1.2912 4.7926
1.2972 2.7325 1.4524
-1.0236 1.6128 5.1614
1.2265 -1.9612 1.9768
2.7646 -0.1642 1.5018
-1.896 2.1056 0.8467
-2.0563 1.8627 0.5131
-2.5593 3.0219 2.2769
-2.829 3.0853 2.0966
1.1363 0.1788 1.463
-3.247 1.8434 4.9127
1.5001 -0.8043 0.8412
0.2769 0.3797 1.5462
1.3973 1.2397 1.2529
5.9164 0.2139 9.1904
5.505 0.2998 9.5314
5.7958 0.0071 9.2515
0.6858 -0.7994 1.6887
0.1915 0.7725 1.5318
3.627 -2.5218 5.6511
1.0212 -0.5519 5.3877
-2.5052 1.3924 1.7804
1.7721 -0.1244 10.1767
1.754 -0.2097 9.9507
1.8926 -0.3456 10.1719
-3.1009 -1.7838 2.1074
-2.7821 -1.5713 2.007
-2.8366 -1.7135 2.348
1.8041 -1.9466 0.3669
1.9045 -1.828 0.1809
1.9627 -2.0627 0.2697
-3.95 1.1594 3.6038
-3.8859 1.0456 3.2558
-1.5252 -0.9989 2.5792
0.3284 -1.2089 2.4425
-1.1941 -0.3601 2.2176
-1.1148 -0.6107 2.4045
-2.4375 -0.0573 2.0171
0.1021 -0.7436 2.0275
-3.3489 -0.3433 5.01
-3.4827 -0.0279 5.236
-3.4893 -0.0798 4.9983
-1.1935 -1.0308 2.8175
3.4729 3.7909 6.0131
-1.4242 -1.1704 2.8116
-1.7998 -1.4562 2.8392
4.5216 3.3973 5.4637
5.0566 3.2075 5.5386
-3.5359 -0.4245 0.2145
-3.9252 -0.3653 0.2902
4.191 -2.574 6.0905
-0.5575 -0.0193 5.6973
-0.5754 -0.2337 5.6406
-0.0853 -0.2145 5.5747
1.7064 -1.5226 7.5645
1.513 -0.9465 8.1398
4.0742 3.3366 0.2763
-4.6213 -1.7721 0.8228
-4.8155 -1.4707 0.8986
-4.7 -1.5498 1.4642
-3.216 -1.0752 4.0311
-3.114 -1.1747 3.9514
1.6548 -0.1702 9.5736
1.7058 -0.3196 9.4276
-3.5875 -1.969 1.7594
-3.6161 -2.0991 1.4136
-3.3958 -1.9786 1.6219
-2.699 -0.3764 0.2217
1.4257 -2.0493 1.6263
1.5883 -2.1545 1.7279
-2.3345 -2.0625 0.1348
-2.5114 -1.9911 0.0645
-2.207 -1.6396 0.0919
2.0833 -2.3507 1.4306
1.6155 -1.1934 0.4212
-1.9861 0.8689 6.0374
1.4962 2.6842 3.18
6.5458 1.5557 5.9839
2.2643 -0.9237 0.04
-2.3966 -0.4089 1.979
-3.7262 3.1111 2.53
-3.5767 2.9889 2.8833
1.9499 0.5139 10.262
5.9498 1.6633 9.0997
3.972 -1.4339 8.9935
2.7868 -1.5851 8.1714
2.8327 -0.4624 10.6452
5.3071 -0.9652 9.0799
-1.7177 -1.3817 3.8891
-2.0229 -1.4647 3.7504
0.795 1.9081 7.3978
0.6977 1.7392 7.129
-0.2917 1.6223 1.8364
-0.1452 1.4194 1.7198
-4.7314 -1.2075 0.4154
5.5845 3.16 6.0342
2.3721 3.0485 0.1646
3.142 1.9733 3.6808
-1.9096 2.0046 0.4562
1.5644 1.4937 9.22
2.5233 -2.4897 0.326
4.567 0.6729 10.0275
4.9464 1.0035 9.8462
4.2351 0.8672 10.1268
2.4999 -0.016 11.5862
2.5939 -0.5584 0.074
2.4201 2.3767 0.0101
2.5427 2.8367 0.0216
-4.4402 2.5368 2.4257
2.2573 2.4613 0.0278
2.3631 2.8934 0.0854
2.6207 3.7454 6.6067
-2.7478 3.114 1.4554
-2.617 3.3269 1.2606
4.3755 2.9328 0.1335
4.7145 -1.2653 9.0687
4.6823 -1.0224 9.3146
4.2907 -0.9378 9.4959
6.7602 2.8 6.8088
-2.0532 -1.5607 0.1614
-0.8211 -0.3824 2.1503
3.493 3.3233 0.0585
2.7604 1.1857 0.2763
4.0513 2.9973 1.2413
3.0895 3.4181 0.7452
2.2285 1.4811 0.191
2.1069 1.7452 0.1091
-1.7535 2.114 2.0429
-1.5619 1.8064 2.0343
-3.6514 0.6153 8.2563
-2.6159 1.6682 0.9107
2.4492 2.9826 2.0641
-3.4861 -0.1802 6.2117
-3.5016 1.1321 7.412
-3.3902 0.9286 7.5448
-3.2612 1.0506 7.134
-3.6071 1.2138 5.7386
-2.8713 1.0732 6.6443
1.3763 2.3608 8.4663
1.4947 2.6155 8.3158
0.8134 1.1516 8.313
5.8361 -0.1109 4.5742
-2.7219 -1.0741 4.3794
-2.7801 -0.7385 5.1
-3.6979 0.1984 7.8827
-3.709 0.3266 8.1727
-3.8351 0.1756 8.0368
-4.0899 2.4179 3.2045
-0.0348 1.8865 1.9246
0.3147 1.698 1.7141
0.7263 1.8309 1.5178
0.5188 1.6464 1.5991
0.1262 2.242 2.3106
-0.1016 2.1341 2.2033
-2.6853 2.5284 4.0393
-2.5577 2.1803 4.6593
-2.2433 2.4325 4.1408
4.2992 -0.2569 10.1173
-0.287 2.26 2.4427
0.1695 2.357 2.5528
-4.8976 -0.8699 0.942
-4.8479 -0.8787 0.6498
0.8737 -0.6801 6.3238
2.8234 1.1505 10.2307
2.9568 1.2399 10.1673
2.6408 1.249 10.0974
1.7493 -1.226 0.2391
-1.3264 2.5475 2.6716
-3.3088 1.4152 6.1548
-1.2306 2.5701 3.3827
-1.9671 3.4254 0.8604
-2.4537 3.0338 2.5028
-2.3618 3.0166 2.7895
-1.7224 2.7637 2.563
-4.163 0.4993 6.2637
-2.8582 1.549 0.8189
-2.9613 1.5352 0.5924
-2.1059 1.4014 1.8707
-3.2145 3.7967 0.1392
-2.8848 3.7115 0.0431
-4.0984 3.5178 0.5925
-3.8316 3.7101 0.5575
-3.0816 -0.0654 1.6863
2.838 -0.3889 10.293
2.3271 -0.4843 10.3203
2.3056 -0.469 9.9606
3.7578 -1.0085 4.1202
-4.2548 3.345 0.6021
-2.9914 3.1368 1.846
-2.7955 3.0332 1.6018
-3.1069 3.2638 1.6504
-3.3894 3.4881 1.4747
-3.0551 3.343 1.4699
6.5808 3.2334 6.9425
5.8971 3.1968 6.3842
5.8904 3.3118 6.6009
-2.2607 3.4746 1.0267
-3.335 3.8956 0.5555
-2.7281 3.9467 0.2816
-3.3516 3.6424 1.1997
-1.7409 3.2577 0.7114
-3.0526 0.2293 6.8222
-3.2729 0.2157 7.0979
-3.7812 1.5135 1.3432
-3.9296 1.7002 0.6748
-2.6258 -0.8853 1.5502
-1.1811 -1.2951 3.7804
-2.6118 -1.2955 1.5229
-4.6322 2.8332 1.3763
3.6472 3.9634 6.8963
4.9729 1.8915 9.5602
5.2109 1.7283 9.5074
0.9344 2.1106 7.7216
-4.9129 -1.1497 0.9647
-4.8596 -1.2858 1.4352
-3.927 1.8041 0.4021
-4.1386 1.8541 0.6607
-3.6415 0.9227 5.0376
-4.4423 0.9051 7.2172
-3.5497 -0.4518 4.4128
-3.6588 -0.1757 4.4409
-0.3328 0.1606 1.7201
-3.8821 1.5122 1.6132
-3.8179 0.0723 1.5239
-3.8209 1.3172 2.4442
-3.6254 3.7771 0.8034
-3.4649 3.7953 0.2346
-3.5744 3.8298 0.4224
-3.2163 3.9116 0.3195
-4.1247 3.4125 0.4007
-3.8273 3.6449 0.3344
-4.1612 0.7221 6.2817
-4.2621 2.8067 0.2731
-4.0951 3.2505 0.2509
0.3965 0.6367 5.5082
-0.4371 0.581 5.7023
6.3475 2.1834 5.9956
-2.7942 0.0495 1.9651
2.0375 -1.8004 0.0962
-3.9832 -2.0874 1.2649
-4.0563 -2.2162 0.7886
-3.8544 -2.076 1.4004
3.4989 0.5621 10.6935
-2.7757 2.9113 0.0483
-2.8636 3.5378 0.0168
5.2401 3.1374 8.5599
-3.1713 3.5425 1.2906
-4.1516 1.0715 6.5538
-1.554 2.9436 0.4176
-1.5439 2.7138 0.4633
-4.1665 0.0693 2.2783
-4.018 0.1532 2.1767
-4.3917 -0.1807 1.4371
-1.7775 2.9893 0.0823
-2.703 2.9352 1.6558
-2.466 3.7817 0.0934
-3.8008 0.4658 2.7795
2.1259 -2.2097 2.0881
2.0182 -2.2406 1.9519
-4.4824 2.8679 0.6386
-3.5555 3.6921 0.1786
-2.5402 2.4351 0.0706
2.0146 -0.4407 10.0561
2.72 -0.5651 11.6308
4.0057 2.0341 3.9974
7.0048 3.3667 7.9068
7.3635 3.3023 8.0875
4.5681 -0.858 1.0016
5.3102 -0.8061 4.4489
4.0824 3.9355 7.143
6.7401 1.5058 6.8738
3.3643 1.6747 0.0561
-3.9986 0.2825 3.6768
5.991 2.5209 5.7243
2.3498 1.2485 9.965
2.3644 1.5111 9.8022
6.6614 1.412 6.1815
6.7512 1.2329 6.3605
0.8598 1.5623 1.4105
2.2376 -2.4483 0.6244
7.5651 2.8626 7.7483
-1.5562 2.3887 4.0088
-3.785 0.9375 5.7195
4.3088 3.1944 0.8039
3.4922 0.791 10.4803
3.2191 0.9241 10.4456
4.8756 -1.1884 4.5365
6.1381 3.1047 8.4321
6.1637 3.2539 8.2128
6.068 2.7508 6.0016
6.1431 2.9819 6.2869
6.6967 0.1817 7.8256
4.5047 3.0178 0.7789
4.2872 3.4017 5.354
-3.2451 -2.4257 0.7792
-3.014 -2.4804 0.6035
3.6285 3.9572 7.3067
1.7292 0.5486 9.7892
0.8107 2.166 1.5396
6.7878 1.3229 6.6787
6.8193 0.5735 7.4294
0.9351 1.9968 1.3263
0.6534 1.4076 1.4914
-1.1981 0.5773 5.815
2.2619 -2.3559 0.3178
-3.5336 1.3013 6.9443
-3.7413 1.2896 7.1485
1.9419 -2.1896 0.4639
-1.6535 3.0778 0.2246
-4.1827 -0.0661 1.3917
3.9661 0.7866 10.2563
4.0267 1.0569 10.1281
5.0292 -0.9072 4.3665
2.1392 2.6237 9.034
-4.0267 -1.918 1.7716
3.4238 -2.0544 6.7806
3.599 3.7233 8.2822
3.9227 3.5554 8.5492
2.4914 1.0182 10.2586
-1.699 2.2704 4.2726
4.3033 -0.654 9.7813
5.2564 0.2976 4.0241
3.3635 -0.9939 3.9835
4.5419 1.4571 9.8844
2.3048 1.0087 10.1551
1.537 2.3935 8.6603
4.0049 1.946 9.8042
3.638 2.1628 9.7408
3.1048 -0.4043 10.1255
5.4237 2.8803 8.7434
-0.0771 -1.2624 3.3213
3.564 -2.4332 6.4255
3.1458 -2.1328 6.7241
1.2864 1.3782 8.9536
1.8819 2.3928 9.0082
3.5506 -0.5625 10.0815
3.4715 3.0692 9.1402
3.335 3.9601 7.0624
2.7178 0.4175 11.1301
1.8469 -0.3762 9.7613
0.9784 1.1167 8.6114
1.1352 2.1645 8.2274
2.7369 -1.1633 8.9361
3.2747 -1.5527 8.6906
4.4683 -1.6055 0.0671
3.912 3.0862 9.1098
3.2531 3.0632 9.1173
2.4175 -1.1283 8.7858
-0.3815 -0.2804 1.9181
0.6575 0.0493 7.6942
3.1435 -0.5955 9.6206
1.9191 -1.1602 8.2651
-2.4607 -1.3146 2.0778
-2.6346 -1.3305 1.8764
3.9702 -1.7828 7.2044
3.5358 -0.8891 9.5035
0.6768 1.5279 7.5265
3.2001 -1.6516 8.4198
2.2456 -0.529 9.5793
1.7551 -2.1938 1.9309
-4.5212 2.144 1.8159
-4.4853 2.1343 2.1368
4.0004 0.387 3.6478
3.9578 0.8432 3.6429
2.142 1.4382 9.7004
5.9239 1.2597 9.1434
2.3516 0.7951 10.4543
2.5872 -0.4351 9.8597
4.1726 -1.157 9.2931
3.9466 -0.6528 9.9211
3.6469 -0.6461 9.8612
-0.6834 -0.8035 5.2302
3.5329 -0.5857 10.6983
3.604 -0.5148 10.9286
1.0449 -0.7117 5.2629
4.396 -1.8147 7.7439
4.41 -1.8006 7.9651
5.5584 -1.4975 8.2383
5.1486 -0.6415 4.229
5.3716 -1.4093 8.5691
5.1902 -1.3107 8.8117
-2.0939 2.0914 4.6984
-2.2687 1.9804 4.9313
4.6589 2.7028 0.3395
-0.6611 -1.1032 4.6778
-3.5192 -2.4038 0.7299
-3.4988 -2.1826 0.1045
-2.6299 2.9418 1.9447
-4.6387 -0.9485 2.3264
3.9186 0.1214 10.6274
3.6732 0.0618 10.9581
3.7985 -0.0986 10.8743
4.204 0.1972 10.2716
3.3502 -0.4757 11.3444
3.3954 -0.5569 11.1891
3.7805 -0.5354 10.5311
3.7277 -0.5947 10.2011
-4.2514 0.9458 8.1085
-4.4714 0.4546 7.7793
-2.1908 -1.3457 2.3455
-2.6024 -1.5236 2.1749
3.9628 3.7049 8.2638
-0.2653 -0.8699 2.3738
4.3742 1.9898 1.3031
-3.8305 2.7087 3.1748
3.6161 -2.6085 5.8769
4.7799 -2.2644 5.4079
5.3511 2.8 5.2832
-4.4673 -1.6603 1.8441
-4.3209 -1.8132 1.6697
-2.0181 -1.6093 2.9903
-2.0088 -1.5905 3.3862
7.4452 3.231 8.3091
-2.0835 -0.699 0.4129
-3.5625 0.1473 5.0109
1.9557 -1.1769 0.0982
1.8305 -1.5351 0.1641
-4.0664 -0.2525 3.6448
-3.8429 -0.0344 4.1276
4.2717 1.2755 0.4151
-2.5717 0.0169 6.2765
-3.4345 0.0198 6.9739
-3.4628 0.1936 7.3855
-2.53 -0.8007 5.1286
-4.2541 1.8229 1.4021
-4.0484 1.6051 1.7513
-4.1894 1.7195 1.89
3.3951 -0.5612 10.4959
-4.3782 1.9314 1.702
-2.1633 -1.3461 4.0202
-2.4485 -1.3801 3.9049
-2.3664 -1.5057 3.6543
0.0026 0.2253 1.6291
3.6765 -0.5017 3.6155
-0.2655 1.4444 5.1879
-1.0295 2.3468 3.9443
-3.3361 -2.3175 0.1294
-2.5143 -2.2467 0.1511
-2.9662 -2.1662 0.0413
-2.5772 -2.3761 0.2692
-2.6761 -2.4427 0.5401
-2.3517 1.96 0.0952
-2.053 2.1125 0.1199
-2.015 1.9533 0.2929
-2.3351 -2.3024 0.3858
4.8341 2.877 9.0144
5.9181 3.0879 6.2332
-3.3743 1.193 7.0484
0.8809 -0.7424 7.3394
-1.564 2.8556 0.6322
0.8443 -0.7965 7.0116
6.7838 1.4904 8.6245
6.6622 1.2887 8.4815
3.8391 3.8154 8.0295
6.8199 1.524 8.3271
7.1015 1.8423 8.39
7.0033 1.7059 8.5233
7.2191 2.5971 7.6184
5.1965 -1.5961 8.3621
3.0535 -1.154 3.8727
6.9879 1.7479 8.6975
6.9126 1.8053 8.8161
6.6451 1.1086 7.9569
6.5805 0.0768 8.1498
6.1855 0.3073 8.9074
7.3108 2.1474 8.7625
7.0077 3.1876 8.4523
5.4309 -0.4602 9.3385
-4.0084 1.4257 3.5557
-3.9322 1.1613 3.9147
-3.5877 -1.4937 3.1199
-3.4951 -1.3536 3.4151
-3.8429 -1.3483 3.1532
-2.3077 2.056 1.1814
-2.9208 1.6346 5.4586
-4.3185 0.4003 6.6307
-4.4917 0.7197 7.2699
-4.488 0.7797 7.7635
-4.3976 1.0191 7.6624
-4.6898 -1.4275 1.7859
-3.581 1.8496 4.5039
-3.633 1.6109 4.6139
-3.3377 1.5814 5.1461
-3.0623 -1.9548 1.434
-3.9757 0.97 8.203
-3.7547 1.0805 4.5796
-3.564 0.8017 8.0597
-3.5465 0.9892 7.8201
-3.6691 1.086 7.8537
-3.7787 0.9231 8.2015
-3.8956 1.153 7.8829
-3.9448 1.2926 7.137
4.6537 -1.6143 0.1776
-1.7415 0.0495 2.0647
-1.6075 -0.3166 2.1925
-3.9433 0.6671 8.3838
-3.9926 0.1311 7.9602
1.7837 -1.7171 7.3343
-4.4905 -0.7118 2.7607
-4.5055 0.5232 7.4335
-2.206 -1.5929 3.4428
6.5653 -0.4036 7.2668
-2.381 0.6932 6.3793
-0.2437 -1.1053 4.8079
-0.4055 2.2502 4.1755
3.956 -2.3286 1.2659
-3.7321 0.1382 5.7575
-3.9265 0.5461 3.947
-3.9342 1.2759 6.5986
-4.0835 0.2382 8.1761
-3.3063 -0.2493 5.7539
-3.3341 -0.2273 5.3422
-3.7537 -0.1187 6.4871
-3.4958 -0.1478 6.4342
-3.4436 -0.3275 4.7963
-2.3428 -0.3739 5.8063
-1.7178 -1.5135 3.3621
-1.8007 -1.1511 4.4258
-3.4851 -0.8147 4.1146
-4.1212 -0.0876 3.4745
-4.3938 -0.3455 2.8653
-2.85 1.3976 6.0914
-2.6237 -1.277 4.0487
6.5016 1.5917 8.9033
-4.0746 0.193 2.8462
-4.3274 -0.0835 2.4089
-2.8466 -1.6359 3.2145
-4.395 -1.9192 0.3814
-3.8064 0.7225 4.4289
-3.1564 0.052 6.7257
-3.6922 -0.8697 3.8436
3.7841 -0.2979 10.8761
3.8376 -0.4233 10.6742
4.1556 -0.1594 10.3297
2.9599 2.2004 4.2037
-3.6116 -0.0415 5.8109
-3.4919 -0.0614 5.5352
-0.9293 -0.9785 4.9014
-0.8708 -0.3446 5.6145
-2.2787 -0.9854 1.1748
-3.7157 -0.1107 6.2679
-3.9177 0.0349 6.2021
-3.6191 -0.1035 5.9843
-3.9617 -0.0642 6.5644
-4.1523 0.1696 6.4291
-3.9972 0.201 6.1213
1.0794 -0.3913 8.2204
0.3541 2.4578 2.8143
-3.9863 -0.86 3.5343
-2.6736 -0.1749 1.8943
-3.6376 0.5252 5.0726
-4.0055 1.3509 3.3409
-3.8594 0.9609 4.2518
-3.442 2.0337 4.4823
-3.8862 2.3722 3.5414
-4.0252 2.6265 3.0597
-3.8313 -0.177 0.4421
-3.7863 0.6191 2.9525
-2.2503 1.175 1.9105
-4.5529 -1.4641 2.02
-4.8764 -1.0788 0.6673
3.6655 3.8726 7.8585
-4.6307 -0.3871 1.4519
-4.7438 -0.5376 1.5817
-3.8397 -2.331 0.686
-2.8553 -0.2058 1.7435
-3.7328 0.3635 2.4541
4.7406 1.3865 9.8429
-3.4828 -1.0476 0.1408
-4.2609 -2.1274 0.5393
-4.5604 -1.841 0.5681
-3.0827 -1.7837 2.3727
6.6054 2.0636 7.5091
3.8778 -0.128 3.6435
-3.1171 1.4987 1.0535
-2.1519 -1.0045 0.1588
-4.3924 -0.7314 0.2904
-3.2449 -0.4892 0.1889
-2.3806 -1.5744 0.0676
-0.7923 -0.1535 1.9837
-3.5715 -2.2635 1.0421
3.7235 3.4857 0.6321
4.5825 2.4308 4.3602
4.4361 2.7117 4.5355
-3.9055 -2.2962 0.3851
-4.4269 -0.5509 0.381
-4.5432 -0.465 0.5861
-4.6686 -0.8434 0.4071
-2.8929 -1.3132 0.0924
-2.361 -1.0812 0.1198
0.0533 -1.0836 4.8601
-3.3192 -1.8819 1.9152
-3.1727 -1.1677 0.1092
-2.8953 1.5585 1.1503
-2.1873 -2.1081 0.714
3.9212 1.1375 0.8389
-2.3965 -2.3197 0.5825
3.2687 0.4678 2.2416
-4.3862 -0.1345 2.0864
-4.5792 -0.3426 1.9363
-2.5983 -1.1229 1.7353
2.1761 -1.523 5.2902
-0.1943 -0.7078 2.1465
-1.8242 1.8616 5.0072
4.565 1.5051 0.6217
4.5172 1.5024 0.4196
4.3647 -2.3882 0.7696
3.5123 -2.5882 6.0994
4.3432 -1.9463 4.8428
-4.1592 1.9807 0.454
-4.3274 2.065 0.7003
-1.6288 2.9955 0.7516
6.4647 1.9947 6.1397
3.2875 -1.1532 1.9269
-4.2049 0.1592 7.8771
-4.2531 0.0762 7.4508
-4.1168 0.0386 7.5595
-2.0796 -0.8423 0.25
1.1947 1.6377 5.117
0.7088 2.1849 4.1889
-4.277 0.0985 6.9718
-4.1436 0.0511 6.6161
-4.1539 0.0029 6.9185
2.2967 -1.2646 4.5997
5.3445 -1.66 8.0556
-3.8235 1.3337 6.7088
-3.4739 1.3771 6.058
2.8084 -1.2517 3.973
6.5622 0.8519 5.7511
0.8974 0.0539 5.7228
0.147 -0.0477 5.5742
2.6402 -1.2685 4.3697
0.8484 0.4116 5.7139
-1.5036 1.3803 1.9455
-1.3985 1.6799 2.0255
1.0856 -0.4846 5.6321
0.7469 -0.579 6.879
1.5798 -0.0003 9.5313
1.8063 -1.551 5.7114
5.7989 2.8121 8.7287
-2.9936 -1.7162 1.8048
-2.8645 -1.5913 1.8292
-3.3792 2.6005 3.72
-3.9838 1.4675 2.3653
5.0662 0.6622 9.8175
1.3189 0.1785 8.9756
3.9912 -0.7237 4.0008
4.886 -2.1722 5.985
4.0594 1.7674 0.0727
-1.9186 -0.981 0.4398
0.847 2.338 1.6239
1.5775 2.9095 7.9621
5.503 1.0263 4.2999
4.6431 2.4956 0.233
-3.4865 3.7671 0.9546
4.5196 0.3877 10.0513
3.5458 -0.4262 11.1617
-2.8773 3.8537 0.1309
-2.5329 3.6423 0.011
2.626 3.2889 8.6309
-2.9215 0.395 2.1304
-4.4915 2.2423 1.0675
7.7599 2.534 8.2912
4.5681 -2.4834 5.8704
4.8033 -2.3198 5.8981
4.008 -0.4618 10.3321
7.4127 3.0026 8.6169
4.1283 2.7948 1.3312
4.4958 2.2129 0.1164
3.9861 -1.0849 1.4686
6.778 3.0059 8.6261
5.4298 3.1585 8.4469
5.9832 2.9176 8.6244
6.5243 3.3949 7.8667
7.581 2.4335 8.7192
7.2321 3.1425 8.5177
3.412 -1.1123 4.1849
-1.4953 -1.3614 3.8214
-2.5536 -1.035 1.4468
1.0587 2.2797 7.8371
6.769 0.7131 7.6588
-4.0503 2.153 0.2497
-3.5311 0.4378 2.424
5.6121 0.0931 4.3009
-4.1584 1.1924 7.6423
5.6703 -0.1947 4.4233
5.6346 -0.5217 4.5598
-4.1065 0.3479 6.2099
1.6953 -1.0263 8.2355
5.6459 0.5718 4.337
4.2747 0.0456 10.2127
4.6168 2.8943 0.607
-2.6853 1.323 1.7977
3.8207 -2.6294 6.0348
-2.6642 -1.2903 1.6499
3.4425 2.8384 1.4741
4.4786 2.5318 0.1152
-4.0835 1.7363 1.0715
-1.6817 2.6826 0.8482
1.4935 0.0089 9.2525
6.7067 1.544 6.5473
-4.3609 0.1705 7.3541
1.4039 0.39 9.19
